0.412
0.411692
0.411386
0.411083
0.410782
0.410484
0.410188
0.409895
0.409604
0.409315
0.409029
0.408745
0.408464
0.408186
0.407909
0.407636
0.407365
0.407097
0.406831
0.406568
0.406307
0.406049
0.405794
0.405541
0.405292
0.405044
0.4048
0.404559
0.40432
0.404084
0.403851
0.403621
0.403393
0.403169
0.402948
0.402729
0.402514
0.402302
0.402093
0.401886
0.401684
0.401484
0.401287
0.401094
0.400904
0.400717
0.400534
0.400354
0.400178
0.400005
0.399835
0.39967
0.399507
0.399349
0.399194
0.399042
0.398895
0.398751
0.398612
0.398476
0.398344
0.398216
0.398092
0.397972
0.397857
0.397745
0.397638
0.397535
0.397437
0.397343
0.397253
0.397168
0.397087
0.397012
0.39694
0.396874
0.396812
0.396755
0.396703
0.396656
0.396614
0.396578
0.396546
0.396519
0.396498
0.396482
0.396472
0.396467
0.396467
0.396473
0.396485
0.396502
0.396525
0.396554
0.396589
0.39663
0.396677
0.39673
0.39679
0.396855
0.396927
0.397005
0.39709
0.397181
0.397279
0.397383
0.397494
0.397612
0.397737
0.397869
0.398008
0.398154
0.398307
0.398468
0.398635
0.398811
0.398993
0.399183
0.399381
0.399586
0.3998
0.400021
0.40025
0.400486
0.400731
0.399994
0.399706
0.399423
0.399132
0.398845
0.398563
0.398266
0.397975
0.397687
0.397402
0.397112
0.396827
0.396539
0.396254
0.395974
0.39568
0.395394
0.395105
0.39482
0.394531
0.394244
0.393961
0.393683
0.393392
0.393108
0.392821
0.392539
0.392252
0.391966
0.391685
0.391397
0.39111
0.390822
0.390539
0.39025
0.389966
0.389676
0.389392
0.389111
0.388822
0.388534
0.388247
0.387962
0.387682
0.38739
0.387103
0.38682
0.386534
0.386254
0.385966
0.385683
0.3854
0.385109
0.384823
0.384537
0.384255
0.383966
0.383681
0.383397
0.383115
0.382838
0.382546
0.38226
0.381975
0.381694
0.381418
0.381127
0.380843
0.380555
0.380274
0.379987
0.379706
0.379421
0.379138
0.378854
0.378575
0.378289
0.378008
0.377732
0.377441
0.377155
0.376873
0.376589
0.376306
0.376029
0.375742
0.37546
0.375173
0.374891
0.374608
0.374323
0.374038
0.373756
0.373476
0.373193
0.372914
0.372629
0.372345
0.372061
0.371781
0.371496
0.371216
0.370931
0.370649
0.370371
0.370088
0.369812
0.369526
0.369245
0.368966
0.368681
0.368399
0.368117
0.367833
0.367553
0.367267
0.366987
0.366712
0.366427
0.366147
0.365866
0.36559
0.365307
0.365026
0.364749
0.364468
0.364192
0.363908
0.363629
0.363355
0.36307
0.362791
0.362508
0.36223
0.361957
0.361668
0.361385
0.361107
0.360834
0.36055
0.360268
0.35999
0.359717
0.359434
0.359152
0.358873
0.358599
0.358317
0.358041
0.35776
0.357484
0.357204
0.356929
0.356645
0.356368
0.356088
0.355814
0.35553
0.355251
0.354972
0.354698
0.354429
0.354143
0.353864
0.353586
0.353305
0.353026
0.352749
0.352468
0.352191
0.351913
0.351639
0.351362
0.351085
0.350813
0.350529
0.350253
0.349974
0.349701
0.349421
0.349141
0.348866
0.348589
0.348317
0.348041
0.347761
0.347482
0.347208
0.346934
0.34665
0.346372
0.346099
0.345819
0.345543
0.345271
0.344991
0.344715
0.344444
0.344168
0.343899
0.343618
0.343342
0.343071
0.342799
0.342532
0.342246
0.34197
0.341695
0.341418
0.341145
0.340869
0.340594
0.340318
0.340047
0.339768
0.339494
0.339219
0.338948
0.338669
0.338394
0.338125
0.337847
0.337572
0.337302
0.337028
0.336754
0.336485
0.336208
0.335931
0.33566
0.335387
0.33512
0.334847
0.334572
0.334293
0.334018
0.333748
0.333483
0.333206
0.332934
0.33266
0.332391
0.332115
0.331843
0.331574
0.331301
0.331029
0.330758
0.330489
0.330225
0.329946
0.329673
0.329405
0.329137
0.328874
0.328598
0.328328
0.328056
0.32779
0.327516
0.327247
0.326975
0.326709
0.326435
0.326166
0.325894
0.325622
0.325355
0.32508
0.324815
0.324545
0.32428
0.324006
0.323737
0.323468
0.323204
0.32293
0.322659
0.322391
0.322123
0.32186
0.321587
0.321319
0.321049
0.320782
0.320512
0.320245
0.319977
0.319712
0.319452
0.31918
0.318913
0.318641
0.318377
0.318107
0.317843
0.317575
0.317309
0.317041
0.316775
0.316509
0.316244
0.315985
0.315711
0.315443
0.315179
0.314918
0.314662
0.314388
0.314123
0.313855
0.313594
0.313327
0.313065
0.312798
0.312538
0.312267
0.312001
0.311739
0.31147
0.311203
0.310937
0.310674
0.310408
0.310147
0.30988
0.309619
0.309353
0.309092
0.308824
0.30856
0.308297
0.308034
0.307769
0.307506
0.307243
0.306985
0.306719
0.306456
0.306192
0.305933
0.305668
0.305408
0.305143
0.304882
0.304618
0.304361
0.304096
0.303834
0.303577
0.30331
0.303048
0.30279
0.302526
0.302266
0.302003
0.301746
0.301483
0.301226
0.300962
0.300701
0.300441
0.300182
0.299929
0.299662
0.299404
0.299143
0.298887
0.298638
0.298368
0.298109
0.297851
0.297588
0.297327
0.297067
0.296813
0.296551
0.296293
0.296035
0.295776
0.295524
0.29526
0.295005
0.294743
0.294485
0.294228
0.293971
0.29372
0.293458
0.293201
0.29295
0.292689
0.292433
0.292184
0.291923
0.291663
0.291408
0.291152
0.290902
0.290647
0.290388
0.290127
0.289872
0.289621
0.289362
0.289108
0.288853
0.288598
0.288348
0.288087
0.287836
0.287577
0.287322
0.287074
0.286817
0.286563
0.286316
0.286058
0.285807
0.285561
0.285301
0.285049
0.284803
0.284551
0.284306
0.284044
0.28379
0.283537
0.283291
0.283033
0.282782
0.282532
0.282278
0.282031
0.281779
0.281533
0.281278
0.281029
0.280786
0.28053
0.280279
0.280026
0.279779
0.279525
0.279271
0.279024
0.278784
0.278549
0.278286
0.278037
0.277795
0.277547
0.277295
0.277049
0.276796
0.276549
0.276304
0.276051
0.275801
0.275551
0.275308
0.275055
0.274809
0.274569
0.27432
0.274081
0.273829
0.273583
0.27334
0.27309
0.272841
0.272595
0.272353
0.272118
0.271862
0.271613
0.271369
0.271131
0.270882
0.270636
0.270393
0.270156
0.269913
0.269668
0.26943
0.269185
0.268945
0.268698
0.268458
0.268214
0.267976
0.267728
0.267487
0.267244
0.267003
0.266764
0.266522
0.26628
0.266037
0.265799
0.265554
0.265314
0.265072
0.264837
0.264594
0.264351
0.264114
0.263876
0.263644
0.263396
0.263156
0.262922
0.262678
0.262443
0.262215
0.261969
0.261732
0.261489
0.261254
0.261015
0.260783
0.260542
0.260308
0.26007
0.259832
0.259596
0.259358
0.259122
0.258886
0.258656
0.258415
0.258178
0.257948
0.257709
0.257472
0.257238
0.257003
0.25677
0.256543
0.256303
0.256066
0.255834
0.255599
0.25537
0.255134
0.254905
0.254683
0.25444
0.254205
0.253978
0.253741
0.253511
0.25328
0.253051
0.252828
0.252586
0.252357
0.252126
0.251902
0.251667
0.251434
0.251206
0.250974
0.250749
0.250517
0.250292
0.250061
0.249835
0.249616
0.249382
0.249162
0.248923
0.248695
0.248472
0.248238
0.24801
0.247781
0.247558
0.247343
0.247107
0.246875
0.246649
0.24643
0.246199
0.245975
0.245758
0.245537
0.245307
0.245075
0.244852
0.244636
0.244406
0.244188
0.243959
0.243738
0.243525
0.243306
0.243074
0.242844
0.242619
0.242402
0.242171
0.241951
0.241725
0.241504
0.241289
0.241069
0.240855
0.240636
0.240423
0.240198
0.239981
0.239761
0.239549
0.239325
0.239109
0.238891
0.238681
0.238459
0.238245
0.238019
0.237799
0.237582
0.237373
0.237152
0.236938
0.236732
0.236515
0.236307
0.236082
0.235868
0.235661
0.23545
0.235228
0.235013
0.234799
0.234583
0.234374
0.234154
0.233937
0.233723
0.233513
0.233311
0.23309
0.232878
0.232665
0.23246
0.232248
0.232035
0.231831
0.231633
0.231414
0.231201
0.230995
0.230785
0.230578
0.230368
0.230162
0.229951
0.229749
0.229538
0.229332
0.229123
0.228921
0.228712
0.228506
0.228301
0.228095
0.227894
0.227684
0.227482
0.227275
0.227075
0.22687
0.226662
0.226462
0.226258
0.226062
0.225852
0.22565
0.225446
0.225249
0.225044
0.224842
0.224642
0.22445
0.224243
0.224043
0.223852
0.223645
0.223446
0.223255
0.223049
0.222851
0.222661
0.222454
0.222257
0.222067
0.221863
0.221661
0.221464
0.221276
0.221073
0.220879
0.220693
0.220491
0.220297
0.220111
0.219916
0.219717
0.219522
0.219336
0.219136
0.218944
0.21876
0.218567
0.218383
0.218177
0.217988
0.217806
0.217609
0.217416
0.217228
0.217038
0.216852
0.216661
0.216472
0.216285
0.216095
0.215912
0.215719
0.215536
0.21535
0.215172
0.214978
0.214791
0.214607
0.214418
0.214238
0.21405
0.213866
0.213683
0.213508
0.213324
0.21313
0.212948
0.212775
0.21261
0.212405
0.212223
0.21205
0.211862
0.211681
0.211494
0.211315
0.211146
0.210964
0.210782
0.210603
0.210426
0.210257
0.210072
0.209896
0.209729
0.209544
0.209369
0.209202
0.20902
0.208845
0.208663
0.208491
0.208327
0.20815
0.207982
0.207801
0.207634
0.207457
0.207287
0.207116
0.206954
0.206776
0.206599
0.206432
0.206261
0.206099
0.205924
0.205758
0.205588
0.20542
0.205255
0.205086
0.20492
0.204764
0.20459
0.20442
0.204257
0.204094
0.203932
0.203764
0.203606
0.20344
0.203283
0.203114
0.202954
0.202803
0.202632
0.202465
0.202306
0.202145
0.201987
0.201829
0.201668
0.201516
0.201352
0.201194
0.201039
0.200879
0.200722
0.200568
0.200409
0.200259
0.200097
0.199942
0.199792
0.199633
0.199479
0.199334
0.199174
0.199022
0.198867
0.19872
0.198571
0.198411
0.198259
0.19811
0.197957
0.197814
0.197662
0.197512
0.197365
0.197226
0.197071
0.196925
0.196778
0.196631
0.196487
0.196353
0.196199
0.196049
0.195907
0.195773
0.195626
0.195474
0.195334
0.195203
0.195081
0.194913
0.194772
0.194641
0.194492
0.194353
0.194224
0.194081
0.193936
0.193798
0.19366
0.193523
0.193393
0.193273
0.19312
0.19298
0.192846
0.192711
0.192578
0.192455
0.192317
0.192188
0.19205
0.191921
0.191801
0.191665
0.191525
0.191395
0.191274
0.191136
0.191008
0.19089
0.190772
0.190628
0.190502
0.190385
0.190268
0.190121
0.189997
0.18988
0.189747
0.189624
0.189512
0.1894
0.189265
0.18914
0.189026
0.188914
0.188771
0.188651
0.188541
0.188432
0.188299
0.188177
0.188065
0.187954
0.187818
0.187703
0.187595
0.187498
0.187393
0.187248
0.187139
0.187038
0.186934
0.186798
0.186687
0.186585
0.186485
0.18636
0.186249
0.186147
0.186044
0.185914
0.185806
0.185708
0.185612
0.185494
0.185387
0.18529
0.185195
0.185067
0.184964
0.184871
0.184778
0.184657
0.184556
0.184466
0.184374
0.184255
0.184155
0.184066
0.183978
0.183866
0.183761
0.183665
0.183576
0.183496
0.18341
0.183276
0.183183
0.183099
0.183015
0.182904
0.182813
0.182731
0.182658
0.182577
0.182449
0.182355
0.18227
0.182189
0.182118
0.182039
0.181974
0.181898
0.181751
0.181642
0.181558
0.18148
0.181373
0.181289
0.181216
0.181145
0.18105
0.180973
0.180905
0.180847
0.180778
0.180657
0.180578
0.180509
0.180441
0.180346
0.18027
0.180204
0.180136
0.180036
0.179962
0.179898
0.179835
0.179744
0.179672
0.179609
0.179556
0.179494
0.179385
0.179315
0.179255
0.179196
0.17911
0.17904
0.178981
0.178924
0.178843
0.178773
0.178713
0.178658
0.178573
0.17851
0.178458
0.178407
0.178331
0.178272
0.178203
0.178144
0.178091
0.178019
0.177961
0.177913
0.177867
0.177796
0.177744
0.177697
0.177661
0.177616
0.17752
0.177465
0.17742
0.177378
0.177311
0.177257
0.177214
0.17717
0.177098
0.177049
0.17701
0.176973
0.176912
0.176867
0.176832
0.176797
0.176774
0.176738
0.176642
0.1766
0.176568
0.176535
0.176473
0.176434
0.176403
0.176383
0.176355
0.176279
0.17624
0.176212
0.176183
0.176124
0.176089
0.176063
0.176018
0.175985
0.175961
0.175948
0.175927
0.175857
0.175827
0.175806
0.175795
0.175775
0.175706
0.175677
0.175659
0.175642
0.175598
0.175571
0.175554
0.175539
0.175498
0.17547
0.175451
0.175438
0.175395
0.175375
0.175365
0.175357
0.175359
0.175352
0.175286
0.175268
0.17526
0.175254
0.175221
0.175197
0.175184
0.175178
0.175149
0.175136
0.175134
0.175134
0.175108
0.1751
0.17508
0.17507
0.175069
0.175078
0.175079
0.175036
0.175032
0.175038
0.175044
0.175025
0.175008
0.175
0.175003
0.175007
0.174986
0.174984
0.174993
0.175003
0.175024
0.175037
0.174997
0.175002
0.175017
0.175029
0.175006
0.175009
0.175023
0.175039
0.175064
0.175082
0.175115
0.175135
0.175077
0.175069
0.175083
0.175102
0.175088
0.175101
0.175123
0.175148
0.175147
0.175164
0.17519
0.175213
0.175201
0.175216
0.175241
0.175269
0.175271
0.175292
0.175324
0.175354
0.175395
0.175426
0.175397
0.175416
0.175446
0.175478
0.175481
0.175507
0.175543
0.175579
0.175586
0.17561
0.175643
0.17568
0.175692
0.175722
0.175762
0.175802
0.17581
0.175841
0.175883
0.175924
0.175938
0.175974
0.176017
0.176071
0.176116
0.176111
0.176149
0.176195
0.176251
0.176298
0.17636
0.17641
0.176476
0.176526
0.176459
0.176499
0.17655
0.176603
0.176632
0.176672
0.176722
0.176775
0.176798
0.176845
0.176901
0.17696
0.176993
0.177043
0.177083
0.177132
0.17719
0.177229
0.17728
0.177342
0.177406
0.177445
0.177503
0.177566
0.177638
0.177702
0.177713
0.17777
0.177837
0.177905
0.177949
0.178003
0.178067
0.178132
0.178169
0.178229
0.178299
0.178371
0.17842
0.178486
0.178562
0.178648
0.178722
0.178746
0.178811
0.178875
0.178949
0.179026
0.17908
0.179145
0.17922
0.179298
0.179386
0.179466
0.179561
0.179644
0.179743
0.179826
0.17979
0.179854
0.179928
0.18001
0.180074
0.180148
0.180228
0.180318
0.180407
0.180467
0.180539
0.180621
0.180709
0.180806
0.180896
0.180937
0.181017
0.181107
0.1812
0.181268
0.181354
0.181451
0.181543
0.181607
0.181693
0.181789
0.181886
0.181994
0.182092
0.182141
0.182227
0.182323
0.182423
0.182491
0.182582
0.182682
0.182784
0.182861
0.182957
0.183058
0.183168
0.18327
0.183386
0.183491
0.183612
0.183719
0.183842
0.18395
0.184075
0.184183
0.184114
0.184211
0.184317
0.184428
0.184518
0.18462
0.184732
0.184844
0.184922
0.185026
0.18514
0.185256
0.185346
0.185449
0.185563
0.185675
0.18576
0.185867
0.185985
0.186104
0.186201
0.186313
0.186435
0.186554
0.18664
0.186751
0.186872
0.186995
0.187093
0.187204
0.187325
0.187447
0.187541
0.187657
0.187782
0.187909
0.188045
0.188174
0.188255
0.188365
0.188485
0.188611
0.188747
0.188876
0.188954
0.189076
0.189208
0.189341
0.18945
0.189566
0.189692
0.18982
0.189958
0.190088
0.19017
0.190296
0.190431
0.190568
0.190684
0.190815
0.190956
0.191097
0.191215
0.191338
0.191474
0.191612
0.19176
0.191901
0.19198
0.192111
0.192244
0.192378
0.192522
0.192666
0.192782
0.19292
0.193066
0.193214
0.193332
0.193464
0.193601
0.193747
0.193893
0.194012
0.194152
0.194301
0.194449
0.194567
0.194708
0.194858
0.195009
0.195137
0.19528
0.195433
0.195584
0.195704
0.195848
0.196001
0.196153
0.196281
0.196428
0.196582
0.196718
0.196866
0.197023
0.197179
0.197311
0.197452
0.197603
0.197758
0.197921
0.198079
0.198249
0.198409
0.198583
0.198743
0.198804
0.198956
0.199116
0.199278
0.199414
0.199568
0.19973
0.199894
0.200032
0.200186
0.20035
0.200514
0.200658
0.200814
0.200978
0.201145
0.201282
0.201442
0.20161
0.201778
0.201921
0.202083
0.202248
0.202422
0.202589
0.202717
0.202879
0.20305
0.203223
0.203375
0.203542
0.203714
0.203894
0.204068
0.204193
0.204357
0.20453
0.204705
0.204856
0.205024
0.205195
0.205375
0.205549
0.205684
0.205854
0.206022
0.206196
0.206378
0.206557
0.206706
0.206876
0.207056
0.207236
0.207392
0.207558
0.207733
0.207912
0.208074
0.208248
0.20843
0.208614
0.208779
0.208954
0.209138
0.209322
0.209475
0.209652
0.209837
0.210022
0.210183
0.210361
0.210548
0.210736
0.210901
0.211066
0.21124
0.211422
0.211612
0.211797
0.211949
0.21213
0.21232
0.21251
0.212682
0.212868
0.213062
0.213258
0.213461
0.213657
0.213797
0.213978
0.214167
0.214359
0.21453
0.214716
0.214909
0.215104
0.21529
0.215477
0.215664
0.215851
0.216038
0.216226
0.216414
0.216603
0.216791
0.21698
0.21717
0.217359
0.217549
0.217739
0.21793
0.218121
0.218312
0.218503
0.218695
0.218887
0.219079
0.219272
0.219465
0.219658
0.219851
0.220045
0.220239
0.220434
0.220628
0.220823
0.221019
0.221214
0.22141
0.221606
0.221803
0.221999
0.222196
0.222394
0.222591
0.222789
0.222987
0.223186
0.223384
0.223583
0.223783
0.223982
0.224182
0.224382
0.224583
0.224783
0.224984
0.225185
0.225387
0.225589
0.225791
0.225993
0.226196
0.226398
0.226602
0.226805
0.227009
0.227213
0.227417
0.227621
0.227826
0.228031
0.228236
0.228442
0.228648
0.228854
0.22906
0.229266
0.229473
0.22968
0.229888
0.230095
0.230303
0.230511
0.23072
0.230928
0.231137
0.231346
0.231556
0.231765
0.231975
0.232185
0.232396
0.232606
0.232817
0.233029
0.23324
0.233452
0.233663
0.233876
0.234088
0.234301
0.234513
0.234727
0.23494
0.235154
0.235367
0.235581
0.235796
0.23601
0.236225
0.23644
0.236655
0.236871
0.237087
0.237303
0.237519
0.237735
0.237952
0.238169
0.238386
0.238603
0.238821
0.239039
0.239257
0.239475
0.239694
0.239913
0.240132
0.240351
0.24057
0.24079
0.24101
0.24123
0.24145
0.241671
0.241892
0.242113
0.242334
0.242555
0.242777
0.242999
0.243221
0.243443
0.243666
0.243888
0.244111
0.244335
0.244558
0.244782
0.245005
0.245229
0.245454
0.245678
0.245903
0.246128
0.246353
0.246578
0.246804
0.247029
0.247255
0.247481
0.247708
0.247934
0.248161
0.248388
0.248615
0.248843
0.24907
0.249298
0.249526
0.249754
0.249983
0.250211
0.25044
0.250669
0.250898
0.251127
0.251357
0.251587
0.251817
0.252047
0.252277
0.252508
0.252739
0.25297
0.253201
0.253432
0.253664
0.253895
0.254127
0.254359
0.254592
0.254824
0.255057
0.25529
0.255523
0.255756
0.255989
0.256223
0.256457
0.256691
0.256925
0.257159
0.257394
0.257629
0.257864
0.258099
0.258334
0.258569
0.258805
0.259041
0.259277
0.259513
0.259749
0.259986
0.260223
0.26046
0.260697
0.260934
0.261171
0.261409
0.261647
0.261885
0.262123
0.262361
0.2626
0.262838
0.263077
0.263316
0.263555
0.263795
0.264034
0.264274
0.264514
0.264754
0.264994
0.265234
0.265475
0.265715
0.265956
0.266197
0.266439
0.26668
0.266921
0.267163
0.267405
0.267647
0.267889
0.268132
0.268374
0.268617
0.26886
0.269103
0.269346
0.269589
0.269832
0.270076
0.27032
0.270564
0.270808
0.271052
0.271297
0.271541
0.271786
0.272031
0.272276
0.272521
0.272766
0.273012
0.273258
0.273504
0.273749
0.273996
0.274242
0.274488
0.274735
0.274982
0.275229
0.275476
0.275723
0.27597
0.276218
0.276465
0.276713
0.276961
0.277209
0.277457
0.277706
0.277954
0.278203
0.278452
0.278701
0.27895
0.279199
0.279448
0.279698
0.279948
0.280197
0.280447
0.280697
0.280948
0.281198
0.281449
0.281699
0.28195
0.282201
0.282452
0.282703
0.282955
0.283206
0.283458
0.28371
0.283962
0.284214
0.284466
0.284718
0.284971
0.285223
0.285476
0.285729
0.285982
0.286235
0.286488
0.286742
0.286995
0.287249
0.287503
0.287757
0.288011
0.288265
0.288519
0.288774
0.289028
0.289283
0.289538
0.289793
0.290048
0.290303
0.290559
0.290814
0.29107
0.291326
0.291581
0.291837
0.292094
0.29235
0.292606
0.292863
0.293119
0.293376
0.293633
0.29389
0.294147
0.294404
0.294662
0.294919
0.295177
0.295435
0.295693
0.29595
0.296209
0.296467
0.296725
0.296984
0.297242
0.297501
0.29776
0.298019
0.298278
0.298537
0.298796
0.299056
0.299315
0.299575
0.299835
0.300094
0.300354
0.300615
0.300875
0.301135
0.301396
0.301656
0.301917
0.302178
0.302439
0.3027
0.302961
0.303222
0.303483
0.303745
0.304007
0.304268
0.30453
0.304792
0.305054
0.305316
0.305578
0.305841
0.306103
0.306366
0.306629
0.306891
0.307154
0.307417
0.30768
0.307944
0.308207
0.30847
0.308734
0.308998
0.309261
0.309525
0.309789
0.310053
0.310318
0.310582
0.310846
0.311111
0.311375
0.31164
0.311905
0.31217
0.312435
0.3127
0.312965
0.313231
0.313496
0.313762
0.314027
0.314293
0.314559
0.314825
0.315091
0.315357
0.315623
0.31589
0.316156
0.316423
0.316689
0.316956
0.317223
0.31749
0.317757
0.318024
0.318291
0.318558
0.318826
0.319093
0.319361
0.319629
0.319897
0.320164
0.320432
0.320701
0.320969
0.321237
0.321505
0.321774
0.322042
0.322311
0.32258
0.322849
0.323118
0.323387
0.323656
0.323925
0.324194
0.324464
0.324733
0.325003
0.325273
0.325542
0.325812
0.326082
0.326352
0.326622
0.326893
0.327163
0.327433
0.327704
0.327974
0.328245
0.328516
0.328787
0.329058
0.329329
0.3296
0.329871
0.330142
0.330414
0.330685
0.330957
0.331228
0.3315
0.331772
0.332044
0.332316
0.332588
0.33286
0.333132
0.333404
0.333677
0.333949
0.334222
0.334495
0.334767
0.33504
0.335313
0.335586
0.335859
0.336132
0.336405
0.336679
0.336952
0.337226
0.337499
0.337773
0.338047
0.33832
0.338594
0.338868
0.339142
0.339417
0.339691
0.339965
0.340239
0.340514
0.340788
0.341063
0.341338
0.341612
0.341887
0.342162
0.342437
0.342712
0.342988
0.343263
0.343538
0.343813
0.344089
0.344364
0.34464
0.344916
0.345192
0.345467
0.345743
0.346019
0.346295
0.346572
0.346848
0.347124
0.347401
0.347677
0.347954
0.34823
0.348507
0.348784
0.34906
0.349337
0.349614
0.349891
0.350169
0.350446
0.350723
0.351
0.351278
0.351555
0.351833
0.35211
0.352388
0.352666
0.352944
0.353222
0.3535
0.353778
0.354056
0.354334
0.354612
0.354891
0.355169
0.355448
0.355726
0.356005
0.356283
0.356562
0.356841
0.35712
0.357399
0.357678
0.357957
0.358236
0.358516
0.358795
0.359074
0.359354
0.359633
0.359913
0.360192
0.360472
0.360752
0.361032
0.361312
0.361592
0.361872
0.362152
0.362432
0.362712
0.362993
0.363273
0.363553
0.363834
0.364114
0.364395
0.364676
0.364957
0.365237
0.365518
0.365799
0.36608
0.366361
0.366643
0.366924
0.367205
0.367486
0.367768
0.368049
0.368331
0.368612
0.368894
0.369176
0.369458
0.369739
0.370021
0.370303
0.370585
0.370867
0.37115
0.371432
0.371714
0.371996
0.372279
0.372561
0.372844
0.373126
0.373409
0.373692
0.373975
0.374257
0.37454
0.374823
0.375106
0.375389
0.375672
0.375956
0.376239
0.376522
0.376805
0.377089
0.377372
0.377656
0.377939
0.378223
0.378507
0.378791
0.379074
0.379358
0.379642
0.379926
0.38021
0.380494
0.380779
0.381063
0.381347
0.381631
0.381916
0.3822
0.382485
0.382769
0.383054
0.383339
0.383623
0.383908
0.384193
0.384478
0.384763
0.385048
0.385333
0.385618
0.385903
0.386188
0.386474
0.386759
0.387044
0.38733
0.387615
0.387901
0.388186
0.388472
0.388758
0.389044
0.389329
0.389615
0.389901
0.390187
0.390473
0.390759
0.391045
0.391332
0.391618
0.391904
0.39219
0.392477
0.392763
0.39305
0.393336
0.393623
0.39391
0.394196
0.394483
0.39477
0.395057
0.395344
0.395631
0.395918
0.396205
0.396492
0.396779
0.397066
0.397353
0.397641
0.397928
0.398215
0.398503
0.39879
0.399078
0.399366
0.399653
0.399941
0.400229
0.400517
0.400804
0.401092
0.40138
0.401668
0.401956
0.402244
0.402533
0.402821
0.403109
0.403397
0.403686
0.403974
0.404262
0.404551
0.404839
0.405128
0.405417
0.405705
0.405994
0.406283
0.406572
0.40686
0.407149
0.407438
0.407727
0.408016
0.408305
0.408595
0.408884
0.409173
0.409462
0.409752
0.410041
0.41033
0.41062
0.410909
0.411199
0.411488
0.411778
0.412068
0.412357
0.412647
0.412937
0.413227
0.413517
0.413807
0.414097
0.414387
0.414677
0.414967
0.415257
0.415547
0.415838
0.416128
0.416418
0.416709
0.416999
0.41729
0.41758
0.417871
0.418161
0.418452
0.418743
0.419033
0.419324
0.419615
0.419906
0.420197
0.420488
0.420779
0.42107
0.421361
0.421652
0.421943
0.422234
0.422525
0.422817
0.423108
0.423399
0.423691
0.423982
0.424274
0.424565
0.424857
0.425148
0.42544
0.425732
0.426023
0.426315
0.426607
0.426899
0.427191
0.427483
0.427775
0.428067
0.428359
0.428651
0.428943
0.429235
0.429527
0.429819
0.430112
0.430404
0.430696
0.430989
0.431281
0.431574
0.431866
0.432159
0.432452
0.432744
0.433037
0.43333
0.433622
0.433915
0.434208
0.434501
0.434794
0.435087
0.43538
0.435673
0.435966
0.436259
0.436552
0.4366
0.436648
0.436696
0.436745
0.436793
0.436841
0.436889
0.436938
0.436986
0.437034
0.437083
0.437131
0.43718
0.437228
0.437277
0.437325
0.437374
0.437422
0.437471
0.43752
0.437568
0.437617
0.437666
0.437715
0.437763
0.437812
0.437861
0.43791
0.437959
0.438008
0.438057
0.438106
0.438155
0.438204
0.438253
0.438302
0.438351
0.4384
0.438449
0.438498
0.438548
0.438597
0.438646
0.438695
0.438745
0.438794
0.438844
0.438893
0.438942
0.438992
0.439041
0.439091
0.43914
0.43919
0.43924
0.439289
0.439339
0.439389
0.439438
0.439488
0.439538
0.439588
0.439637
0.439687
0.439737
0.439787
0.439837
0.439887
0.439937
0.439987
0.440037
0.440087
0.440137
0.440187
0.440237
0.440288
0.440338
0.440388
0.440438
0.440489
0.440539
0.440589
0.44064
0.44069
0.44074
0.440791
0.440841
0.440892
0.440942
0.440993
0.441043
0.441094
0.441145
0.441195
0.441246
0.441297
0.441347
0.441398
0.441449
0.4415
0.441551
0.441602
0.441652
0.441703
0.441754
0.441805
0.441856
0.441907
0.441958
0.442009
0.442061
0.442112
0.442163
0.442214
0.442265
0.442317
0.442368
0.442419
0.44247
0.442522
0.442573
0.442625
0.442676
0.442727
0.442779
0.44283
0.442882
0.442934
0.442985
0.443037
0.443088
0.44314
0.443192
0.443244
0.443295
0.443347
0.443399
0.443451
0.443503
0.443554
0.443606
0.443658
0.44371
0.443762
0.443814
0.443866
0.443918
0.44397
0.444023
0.444075
0.444127
0.444179
0.444231
0.444284
0.444336
0.444388
0.44444
0.444493
0.444545
0.444598
0.44465
0.444702
0.444755
0.444807
0.44486
0.444913
0.444965
0.445018
0.44507
0.445123
0.445176
0.445229
0.445281
0.445334
0.445387
0.44544
0.445493
0.445545
0.445598
0.445651
0.445704
0.445757
0.44581
0.445863
0.445916
0.445969
0.446022
0.446076
0.446129
0.446182
0.446235
0.446288
0.446342
0.446395
0.446448
0.446502
0.446555
0.446608
0.446662
0.446715
0.446769
0.446822
0.446876
0.446929
0.446983
0.447037
0.44709
0.447144
0.447197
0.447251
0.447305
0.447359
0.447412
0.447466
0.44752
0.447574
0.447628
0.447682
0.447736
0.44779
0.447844
0.447898
0.447952
0.448006
0.44806
0.448114
0.448168
0.448222
0.448277
0.448331
0.448385
0.448439
0.448494
0.448548
0.448602
0.448657
0.448711
0.448765
0.44882
0.448874
0.448929
0.448983
0.449038
0.449093
0.449147
0.449202
0.449256
0.449311
0.449366
0.44942
0.449475
0.44953
0.449585
0.44964
0.449695
0.449749
0.449804
0.449859
0.449914
0.449969
0.450024
0.450079
0.450134
0.450189
0.450244
0.4503
0.450355
0.45041
0.450465
0.45052
0.450576
0.450631
0.450686
0.450742
0.450797
0.450852
0.450908
0.450963
0.451019
0.451074
0.45113
0.451185
0.451241
0.451296
0.451352
0.451408
0.451463
0.451519
0.451575
0.45163
0.451686
0.451742
0.451798
0.451854
0.451909
0.451965
0.452021
0.452077
0.452133
0.452189
0.452245
0.452301
0.452357
0.452413
0.452469
0.452526
0.452582
0.452638
0.452694
0.45275
0.452807
0.452863
0.452919
0.452976
0.453032
0.453088
0.453145
0.453201
0.453258
0.453314
0.453371
0.453427
0.453484
0.45354
0.453597
0.453654
0.45371
0.453767
0.453824
0.45388
0.453937
0.453994
0.454051
0.454107
0.454164
0.454221
0.454278
0.454335
0.454392
0.454449
0.454506
0.454563
0.45462
0.454677
0.454734
0.454791
0.454848
0.454906
0.454963
0.45502
0.455077
0.455135
0.455192
0.455249
0.455307
0.455364
0.455421
0.455479
0.455536
0.455594
0.455651
0.455709
0.455766
0.455824
0.455881
0.455939
0.455997
0.456054
0.456112
0.45617
0.456227
0.456285
0.456343
0.456401
0.456459
0.456516
0.456574
0.456632
0.45669
0.456748
0.456806
0.456864
0.456922
0.45698
0.457038
0.457096
0.457154
0.457212
0.457271
0.457329
0.457387
0.457445
0.457504
0.457562
0.45762
0.457679
0.457737
0.457795
0.457854
0.457912
0.457971
0.458029
0.458088
0.458146
0.458205
0.458263
0.458322
0.45838
0.458439
0.458498
0.458556
0.458615
0.458674
0.458733
0.458791
0.45885
0.458909
0.458968
0.459027
0.459086
0.459145
0.459204
0.459263
0.459322
0.459381
0.45944
0.459499
0.459558
0.459617
0.459676
0.459735
0.459795
0.459854
0.459913
0.459972
0.460032
0.460091
0.46015
0.46021
0.460269
0.460328
0.460388
0.460447
0.460507
0.460566
0.460626
0.460685
0.460745
0.460804
0.460864
0.460924
0.460983
0.461043
0.461103
0.461163
0.461222
0.461282
0.461342
0.461402
0.461462
0.461521
0.461581
0.461641
0.461701
0.461761
0.461821
0.461881
0.461941
0.462001
0.462061
0.462122
0.462182
0.462242
0.462302
0.462362
0.462422
0.462483
0.462543
0.462603
0.462664
0.462724
0.462784
0.462845
0.462905
0.462966
0.463026
0.463087
0.463147
0.463208
0.463268
0.463329
0.463389
0.46345
0.463511
0.463571
0.463632
0.463693
0.463753
0.463814
0.463875
0.463936
0.463997
0.464057
0.464118
0.464179
0.46424
0.464301
0.464362
0.464423
0.464484
0.464545
0.464606
0.464667
0.464728
0.464789
0.464851
0.464912
0.464973
0.465034
0.465095
0.465157
0.465218
0.465279
0.465341
0.465402
0.465463
0.465525
0.465586
0.465648
0.465709
0.465771
0.465832
0.465894
0.465955
0.466017
0.466079
0.46614
0.466202
0.466263
0.466325
0.466387
0.466449
0.46651
0.466572
0.466634
0.466696
0.466758
0.46682
0.466882
0.466943
0.467005
0.467067
0.467129
0.467191
0.467253
0.467315
0.467378
0.46744
0.467502
0.467564
0.467626
0.467688
0.467751
0.467813
0.467875
0.467937
0.468
0.468062
0.468124
0.468187
0.468249
0.468312
0.468374
0.468436
0.468499
0.468561
0.468624
0.468687
0.468749
0.468812
0.468874
0.468937
0.469
0.469062
0.469125
0.469188
0.469251
0.469313
0.469376
0.469439
0.469502
0.469565
0.469628
0.469691
0.469753
0.469816
0.469879
0.469942
0.470005
0.470069
0.470132
0.470195
0.470258
0.470321
0.470384
0.470447
0.47051
0.470574
0.470637
0.4707
0.470764
0.470827
0.47089
0.470954
0.471017
0.47108
0.471144
0.471207
0.471271
0.471334
0.471398
0.471461
0.471525
0.471588
0.471652
0.471716
0.471779
0.471843
0.471907
0.47197
0.472034
0.472098
0.472161
0.472225
0.472289
0.472353
0.472417
0.472481
0.472545
0.472609
0.472672
0.472736
0.4728
0.472864
0.472929
0.472993
0.473057
0.473121
0.473185
0.473249
0.473313
0.473377
0.473442
0.473506
0.47357
0.473634
0.473699
0.473763
0.473827
0.473892
0.473956
0.47402
0.474085
0.474149
0.474214
0.474278
0.474343
0.474407
0.474472
0.474537
0.474601
0.474666
0.47473
0.474795
0.47486
0.474924
0.474989
0.475054
0.475119
0.475183
0.475248
0.475313
0.475378
0.475443
0.475508
0.475573
0.475638
0.475703
0.475768
0.475833
0.475898
0.475963
0.476028
0.476093
0.476158
0.476223
0.476288
0.476353
0.476419
0.476484
0.476549
0.476614
0.47668
0.476745
0.47681
0.476876
0.476941
0.477006
0.477072
0.477137
0.477203
0.477268
0.477334
0.477399
0.477465
0.47753
0.477596
0.477661
0.477727
0.477793
0.477858
0.477924
0.47799
0.478056
0.478121
0.478187
0.478253
0.478319
0.478385
0.47845
0.478516
0.478582
0.478648
0.478714
0.47878
0.478846
0.478912
0.478978
0.479044
0.47911
0.479176
0.479242
0.479308
0.479375
0.479441
0.479507
0.479573
0.479639
0.479706
0.479772
0.479838
0.479905
0.479971
0.480037
0.480104
0.48017
0.480236
0.480303
0.480369
0.480436
0.480502
0.480569
0.480635
0.480702
0.480769
0.480835
0.480902
0.480968
0.481035
0.481102
0.481169
0.481235
0.481302
0.481369
0.481436
0.481502
0.481569
0.481636
0.481703
0.48177
0.481837
0.481904
0.481971
0.482038
0.482105
0.482172
0.482239
0.482306
0.482373
0.48244
0.482507
0.482574
0.482641
0.482709
0.482776
0.482843
0.48291
0.482978
0.483045
0.483112
0.483179
0.483247
0.483314
0.483382
0.483449
0.483516
0.483584
0.483651
0.483719
0.483786
0.483854
0.483921
0.483989
0.484057
0.484124
0.484192
0.484259
0.484327
0.484395
0.484463
0.48453
0.484598
0.484666
0.484734
0.484801
0.484869
0.484937
0.485005
0.485073
0.485141
0.485209
0.485277
0.485345
0.485413
0.485481
0.485549
0.485617
0.485685
0.485753
0.485821
0.485889
0.485957
0.486026
0.486094
0.486162
0.48623
0.486299
0.486367
0.486435
0.486503
0.486572
0.48664
0.486708
0.486777
0.486845
0.486914
0.486982
0.487051
0.487119
0.487188
0.487256
0.487325
0.487393
0.487462
0.487531
0.487599
0.487668
0.487737
0.487805
0.487874
0.487943
0.488011
0.48808
0.488149
0.488218
0.488287
0.488356
0.488424
0.488493
0.488562
0.488631
0.4887
0.488769
0.488838
0.488907
0.488976
0.489045
0.489114
0.489183
0.489252
0.489322
0.489391
0.48946
0.489529
0.489598
0.489668
0.489737
0.489806
0.489875
0.489945
0.490014
0.490083
0.490153
0.490222
0.490292
0.490361
0.49043
0.4905
0.490569
0.490639
0.490708
0.490778
0.490847
0.490917
0.490987
0.491056
0.491126
0.491196
0.491265
0.491335
0.491405
0.491474
0.491544
0.491614
0.491684
0.491754
0.491823
0.491893
0.491963
0.492033
0.492103
0.492173
0.492243
0.492313
0.492383
0.492453
0.492523
0.492593
0.492663
0.492733
0.492803
0.492873
0.492943
0.493014
0.493084
0.493154
0.493224
0.493294
0.493365
0.493435
0.493505
0.493576
0.493646
0.493716
0.493787
0.493857
0.493927
0.493998
0.494068
0.494139
0.494209
0.49428
0.49435
0.494421
0.494491
0.494562
0.494633
0.494703
0.494774
0.494845
0.494915
0.494986
0.495057
0.495127
0.495198
0.495269
0.49534
0.49541
0.495481
0.495552
0.495623
0.495694
0.495765
0.495836
0.495907
0.495978
0.496049
0.49612
0.496191
0.496262
0.496333
0.496404
0.496475
0.496546
0.496617
0.496688
0.496759
0.496831
0.496902
0.496973
0.497044
0.497116
0.497187
0.497258
0.49733
0.497401
0.497472
0.497544
0.497615
0.497686
0.497758
0.497829
0.497901
0.497972
0.498044
0.498115
0.498187
0.498258
0.49833
0.498402
0.498473
0.498545
0.498616
0.498688
0.49876
0.498832
0.498903
0.498975
0.499047
0.499119
0.49919
0.499262
0.499334
0.499406
0.499478
0.49955
0.499622
0.499694
0.499765
0.499837
0.499909
0.499981
0.500053
0.500126
0.500198
0.50027
0.500342
0.500414
0.500486
0.500558
0.50063
0.500703
0.500775
0.500847
0.500919
0.500991
0.501064
0.501136
0.501208
0.501281
0.501353
0.501425
0.501498
0.50157
0.501643
0.501715
0.501788
0.50186
0.501933
0.502005
0.502078
0.50215
0.502223
0.502295
0.502368
0.502441
0.502513
0.502586
0.502659
0.502731
0.502804
0.502877
0.50295
0.503022
0.503095
0.503168
0.503241
0.503314
0.503386
0.503459
0.503532
0.503605
0.503678
0.503751
0.503824
0.503897
0.50397
0.504043
0.504116
0.504189
0.504262
0.504335
0.504408
0.504482
0.504555
0.504628
0.504701
0.504774
0.504848
0.504921
0.504994
0.505067
0.505141
0.505214
0.505287
0.505361
0.505434
0.505507
0.505581
0.505654
0.505728
0.505801
0.505875
0.505948
0.506022
0.506095
0.506169
0.506242
0.506316
0.506389
0.506463
0.506537
0.50661
0.506684
0.506758
0.506831
0.506905
0.506979
0.507053
0.507126
0.5072
0.507274
0.507348
0.507422
0.507496
0.507569
0.507643
0.507717
0.507791
0.507865
0.507939
0.508013
0.508087
0.508161
0.508235
0.508309
0.508383
0.508457
0.508531
0.508606
0.50868
0.508754
0.508828
0.508902
0.508976
0.509051
0.509125
0.509199
0.509274
0.509348
0.509422
0.509496
0.509571
0.509645
0.50972
0.509794
0.509868
0.509943
0.510017
0.510092
0.510166
0.510241
0.510315
0.51039
0.510464
0.510539
0.510614
0.510688
0.510763
0.510838
0.510912
0.510987
0.511062
0.511136
0.511211
0.511286
0.511361
0.511435
0.51151
0.511585
0.51166
0.511735
0.51181
0.511884
0.511959
0.512034
0.512109
0.512184
0.512259
0.512334
0.512409
0.512484
0.512559
0.512634
0.512709
0.512784
0.51286
0.512935
0.51301
0.513085
0.51316
0.513235
0.513311
0.513386
0.513461
0.513536
0.513612
0.513687
0.513762
0.513838
0.513913
0.513988
0.514064
0.514139
0.514215
0.51429
0.514365
0.514441
0.514516
0.514592
0.514667
0.514743
0.514819
0.514894
0.51497
0.515045
0.515121
0.515197
0.515272
0.515348
0.515424
0.515499
0.515575
0.515651
0.515726
0.515802
0.515878
0.515954
0.51603
0.516106
0.516181
0.516257
0.516333
0.516409
0.516485
0.516561
0.516637
0.516713
0.516789
0.516865
0.516941
0.517017
0.517093
0.517169
0.517245
0.517321
0.517397
0.517474
0.51755
0.517626
0.517702
0.517778
0.517854
0.517931
0.518007
0.518083
0.51816
0.518236
0.518312
0.518389
0.518465
0.518541
0.518618
0.518694
0.51877
0.518847
0.518923
0.519
0.519076
0.519153
0.519229
0.519306
0.519382
0.519459
0.519536
0.519612
0.519689
0.519765
0.519842
0.519919
0.519995
0.520072
0.520149
0.520226
0.520302
0.520379
0.520456
0.520533
0.52061
0.520686
0.520763
0.52084
0.520917
0.520994
0.521071
0.521148
0.521225
0.521302
0.521379
0.521456
0.521533
0.52161
0.521687
0.521764
0.521841
0.521918
0.521995
0.522072
0.522149
0.522226
0.522304
0.522381
0.522458
0.522535
0.522612
0.52269
0.522767
0.522844
0.522922
0.522999
0.523076
0.523154
0.523231
0.523308
0.523386
0.523463
0.523541
0.523618
0.523696
0.523773
0.523851
0.523928
0.524006
0.524083
0.524161
0.524238
0.524316
0.524393
0.524471
0.524549
0.524626
0.524704
0.524782
0.524859
0.524937
0.525015
0.525093
0.52517
0.525248
0.525326
0.525404
0.525482
0.525559
0.525637
0.525715
0.525793
0.525871
0.525949
0.526027
0.526105
0.526183
0.526261
0.526339
0.526417
0.526495
0.526573
0.526651
0.526729
0.526807
0.526885
0.526963
0.527042
0.52712
0.527198
0.527276
0.527354
0.527433
0.527511
0.527589
0.527667
0.527746
0.527824
0.527902
0.527981
0.528059
0.528137
0.528216
0.528294
0.528372
0.528451
0.528529
0.528608
0.528686
0.528765
0.528843
0.528922
0.529
0.529079
0.529157
0.529236
0.529315
0.529393
0.529472
0.529551
0.529629
0.529708
0.529787
0.529865
0.529944
0.530023
0.530102
0.53018
0.530259
0.530338
0.530417
0.530496
0.530574
0.530653
0.530732
0.530811
0.53089
0.530969
0.531048
0.531127
0.531206
0.531285
0.531364
0.531443
0.531522
0.531601
0.53168
0.531759
0.531838
0.531917
0.531996
0.532075
0.532155
0.532234
0.532313
0.532392
0.532471
0.532551
0.53263
0.532709
0.532788
0.532868
0.532947
0.533026
0.533106
0.533185
0.533264
0.533344
0.533423
0.533503
0.533582
0.533661
0.533741
0.53382
0.5339
0.533979
0.534059
0.534138
0.534218
0.534298
0.534377
0.534457
0.534536
0.534616
0.534696
0.534775
0.534855
0.534935
0.535014
0.535094
0.535174
0.535254
0.535333
0.535413
0.535493
0.535573
0.535652
0.535732
0.535812
0.535892
0.535972
0.536052
0.536132
0.536212
0.536292
0.536372
0.536452
0.536531
0.536612
0.536692
0.536772
0.536852
0.536932
0.537012
0.537092
0.537172
0.537252
0.537332
0.537412
0.537492
0.537573
0.537653
0.537733
0.537813
0.537894
0.537974
0.538054
0.538134
0.538215
0.538295
0.538375
0.538456
0.538536
0.538616
0.538697
0.538777
0.538858
0.538938
0.539018
0.539099
0.539179
0.53926
0.53934
0.539421
0.539501
0.539582
0.539663
0.539743
0.539824
0.539904
0.539985
0.540066
0.540146
0.540227
0.540308
0.540388
0.540469
0.54055
0.54063
0.540711
0.540792
0.540873
0.540954
0.541034
0.541115
0.541196
0.541277
0.541358
0.541439
0.54152
0.5416
0.541681
0.541762
0.541843
0.541924
0.542005
0.542086
0.542167
0.542248
0.542329
0.54241
0.542491
0.542572
0.542654
0.542735
0.542816
0.542897
0.542978
0.543059
0.543141
0.543222
0.543303
0.543384
0.543465
0.543547
0.543628
0.543709
0.543791
0.543872
0.543953
0.544035
0.544116
0.544197
0.544279
0.54436
0.544441
0.544523
0.544604
0.544686
0.544767
0.544849
0.54493
0.545012
0.545093
0.545175
0.545256
0.545338
0.54542
0.545501
0.545583
0.545664
0.545746
0.545828
0.545909
0.545991
0.546073
0.546154
0.546236
0.546318
0.5464
0.546481
0.546563
0.546645
0.546727
0.546809
0.546891
0.546972
0.547054
0.547136
0.547218
0.5473
0.547382
0.547464
0.547546
0.547628
0.54771
0.547792
0.547874
0.547956
0.548038
0.54812
0.548202
0.548284
0.548366
0.548448
0.54853
0.548612
0.548695
0.548777
0.548859
0.548941
0.549023
0.549106
0.549188
0.54927
0.549352
0.549435
0.549517
0.549599
0.549682
0.549764
0.549846
0.549929
0.550011
0.550093
0.550176
0.550258
0.550341
0.550423
0.550505
0.550588
0.55067
0.550753
0.550835
0.550918
0.551
0.551083
0.551166
0.551248
0.551331
0.551413
0.551496
0.551579
0.551661
0.551744
0.551827
0.551909
0.551992
0.552075
0.552157
0.55224
0.552323
0.552406
0.552488
0.552571
0.552654
0.552737
0.55282
0.552903
0.552985
0.553068
0.553151
0.553234
0.553317
0.5534
0.553483
0.553566
0.553649
0.553732
0.553815
0.553898
0.553981
0.554064
0.554147
0.55423
0.554313
0.554396
0.554479
0.554563
0.554646
0.554729
0.554812
0.554895
0.554978
0.555062
0.555145
0.555228
0.555311
0.555395
0.555478
0.555561
0.555644
0.555728
0.555811
0.555894
0.555978
0.556061
0.556144
0.556228
0.556311
0.556395
0.556478
0.556562
0.556645
0.556729
0.556812
0.556895
0.556979
0.557063
0.557146
0.55723
0.557313
0.557397
0.55748
0.557564
0.557648
0.557731
0.557815
0.557899
0.557982
0.558066
0.55815
0.558233
0.558317
0.558401
0.558485
0.558568
0.558652
0.558736
0.55882
0.558903
0.558987
0.559071
0.559155
0.559239
0.559323
0.559407
0.559491
0.559575
0.559658
0.559742
0.559826
0.55991
0.559994
0.560078
0.560162
0.560246
0.56033
0.560414
0.560499
0.560583
0.560667
0.560751
0.560835
0.560919
0.561003
0.561087
0.561172
0.561256
0.56134
0.561424
0.561508
0.561593
0.561677
0.561761
0.561845
0.56193
0.562014
0.562098
0.562183
0.562267
0.562351
0.562436
0.56252
0.562604
0.562689
0.562773
0.562858
0.562942
0.563027
0.563111
0.563196
0.56328
0.563365
0.563449
0.563534
0.563618
0.563703
0.563787
0.563872
0.563957
0.564041
0.564126
0.56421
0.564295
0.56438
0.564464
0.564549
0.564634
0.564719
0.564803
0.564888
0.564973
0.565058
0.565142
0.565227
0.565312
0.565397
0.565482
0.565566
0.565651
0.565736
0.565821
0.565906
0.565991
0.566076
0.566161
0.566246
0.566331
0.566416
0.5665
0.566585
0.56667
0.566756
0.566841
0.566926
0.567011
0.567096
0.567181
0.567266
0.567351
0.567436
0.567521
0.567606
0.567692
0.567777
0.567862
0.567947
0.568032
0.568118
0.568203
0.568288
0.568373
0.568459
0.568544
0.568629
0.568714
0.5688
0.568885
0.56897
0.569056
0.569141
0.569227
0.569312
0.569397
0.569483
0.569568
0.569654
0.569739
0.569825
0.56991
0.569996
0.570081
0.570167
0.570252
0.570338
0.570423
0.570509
0.570594
0.57068
0.570766
0.570851
0.570937
0.571023
0.571108
0.571194
0.57128
0.571365
0.571451
0.571537
0.571622
0.571708
0.571794
0.57188
0.571965
0.572051
0.572137
0.572223
0.572309
0.572395
0.57248
0.572566
0.572652
0.572738
0.572824
0.57291
0.572996
0.573082
0.573168
0.573254
0.57334
0.573426
0.573512
0.573598
0.573684
0.57377
0.573856
0.573942
0.574028
0.574114
0.5742
0.574286
0.574372
0.574458
0.574545
0.574631
0.574717
0.574803
0.574889
0.574976
0.575062
0.575148
0.575234
0.575321
0.575407
0.575493
0.575579
0.575666
0.575752
0.575838
0.575925
0.576011
0.576097
0.576184
0.57627
0.576357
0.576443
0.576529
0.576616
0.576702
0.576789
0.576875
0.576962
0.577048
0.577135
0.577221
0.577308
0.577394
0.577481
0.577567
0.577654
0.577741
0.577827
0.577914
0.578001
0.578087
0.578174
0.57826
0.578347
0.578434
0.578521
0.578607
0.578694
0.578781
0.578867
0.578954
0.579041
0.579128
0.579215
0.579301
0.579388
0.579475
0.579562
0.579649
0.579736
0.579822
0.579909
0.579996
0.580083
0.58017
0.580257
0.580344
0.580431
0.580518
0.580605
0.580692
0.580779
0.580866
0.580953
0.58104
0.581127
0.581214
0.581301
0.581388
0.581475
0.581563
0.58165
0.581737
0.581824
0.581911
0.581998
0.582085
0.582173
0.58226
0.582347
0.582434
0.582522
0.582609
0.582696
0.582783
0.582871
0.582958
0.583045
0.583133
0.58322
0.583307
0.583395
0.583482
0.583569
0.583657
0.583744
0.583832
0.583919
0.584007
0.584094
0.584181
0.584269
0.584356
0.584444
0.584531
0.584619
0.584706
0.584794
0.584882
0.584969
0.585057
0.585144
0.585232
0.58532
0.585407
0.585495
0.585582
0.58567
0.585758
0.585845
0.585933
0.586021
0.586109
0.586196
0.586284
0.586372
0.58646
0.586547
0.586635
0.586723
0.586811
0.586899
0.586986
0.587074
0.587162
0.58725
0.587338
0.587426
0.587514
0.587602
0.587689
0.587777
0.587865
0.587953
0.588041
0.588129
0.588217
0.588305
0.588393
0.588481
0.588569
0.588657
0.588745
0.588833
0.588922
0.58901
0.589098
0.589186
0.589274
0.589362
0.58945
0.589538
0.589627
0.589715
0.589803
0.589891
0.589979
0.590068
0.590156
0.590244
0.590332
0.590421
0.590509
0.590597
0.590685
0.590774
0.590862
0.59095
0.591039
0.591127
0.591216
0.591304
0.591392
0.591481
0.591569
0.591658
0.591746
0.591834
0.591923
0.592011
0.5921
0.592188
0.592277
0.592365
0.592454
0.592542
0.592631
0.59272
0.592808
0.592897
0.592985
0.593074
0.593163
0.593251
0.59334
0.593428
0.593517
0.593606
0.593694
0.593783
0.593872
0.593961
0.594049
0.594138
0.594227
0.594316
0.594404
0.594493
0.594582
0.594671
0.59476
0.594848
0.594937
0.595026
0.595115
0.595204
0.595293
0.595382
0.59547
0.595559
0.595648
0.595737
0.595826
0.595915
0.596004
0.596093
0.596182
0.596271
0.59636
0.596449
0.596538
0.596627
0.596716
0.596805
0.596894
0.596983
0.597073
0.597162
0.597251
0.59734
0.597429
0.597518
0.597607
0.597697
0.597786
0.597875
0.597964
0.598053
0.598143
0.598232
0.598321
0.59841
0.5985
0.598589
0.598678
0.598767
0.598857
0.598946
0.599035
0.599125
0.599214
0.599303
0.599393
0.599482
0.599572
0.599661
0.59975
0.59984
0.599929
0.600019
0.600108
0.600198
0.600287
0.600377
0.600466
0.600556
0.600645
0.600735
0.600824
0.600914
0.601003
0.601093
0.601183
0.601272
0.601362
0.601451
0.601541
0.601631
0.60172
0.60181
0.6019
0.601989
0.602079
0.602169
0.602259
0.602348
0.602438
0.602528
0.602618
0.602707
0.602797
0.602887
0.602977
0.603066
0.603156
0.603246
0.603336
0.603426
0.603516
0.603606
0.603695
0.603785
0.603875
0.603965
0.604055
0.604145
0.604235
0.604325
0.604415
0.604505
0.604595
0.604685
0.604775
0.604865
0.604955
0.605045
0.605135
0.605225
0.605315
0.605405
0.605495
0.605585
0.605676
0.605766
0.605856
0.605946
0.606036
0.606126
0.606216
0.606307
0.606397
0.606487
0.606577
0.606667
0.606758
0.606848
0.606938
0.607028
0.607119
0.607209
0.607299
0.60739
0.60748
0.60757
0.607661
0.607751
0.607841
0.607932
0.608022
0.608113
0.608203
0.608293
0.608384
0.608474
0.608565
0.608655
0.608746
0.608836
0.608927
0.609017
0.609108
0.609198
0.609289
0.609379
0.60947
0.60956
0.609651
0.609741
0.609832
0.609923
0.610013
0.610104
0.610194
0.610285
0.610376
0.610466
0.610557
0.610648
0.610738
0.610829
0.61092
0.61101
0.611101
0.611192
0.611283
0.611373
0.611464
0.611555
0.611646
0.611737
0.611827
0.611918
0.612009
0.6121
0.612191
0.612282
0.612372
0.612463
0.612554
0.612645
0.612736
0.612827
0.612918
0.613009
0.6131
0.613191
0.613282
0.613373
0.613464
0.613555
0.613646
0.613737
0.613828
0.613919
0.61401
0.614101
0.614192
0.614283
0.614374
0.614465
0.614556
0.614647
0.614739
0.61483
0.614921
0.615012
0.615103
0.615194
0.615286
0.615377
0.615468
0.615559
0.61565
0.615742
0.615833
0.615924
0.616015
0.616107
0.616198
0.616289
0.616381
0.616472
0.616563
0.616655
0.616746
0.616837
0.616929
0.61702
0.617111
0.617203
0.617294
0.617386
0.617477
0.617568
0.61766
0.617751
0.617843
0.617934
0.618026
0.618117
0.618209
0.6183
0.618392
0.618483
0.618575
0.618666
0.618758
0.61885
0.618941
0.619033
0.619124
0.619216
0.619308
0.619399
0.619491
0.619582
0.619674
0.619766
0.619857
0.619949
0.620041
0.620133
0.620224
0.620316
0.620408
0.620499
0.620591
0.620683
0.620775
0.620867
0.620958
0.620752
0.620546
0.62034
0.620135
0.619929
0.619723
0.619518
0.619313
0.619107
0.618902
0.618697
0.618492
0.618287
0.618082
0.617878
0.617673
0.617469
0.617264
0.61706
0.616856
0.616652
0.616448
0.616244
0.61604
0.615836
0.615633
0.615429
0.615226
0.615022
0.614819
0.614616
0.614413
0.61421
0.614007
0.613805
0.613602
0.6134
0.613197
0.612995
0.612793
0.612591
0.612388
0.612187
0.611985
0.611783
0.611581
0.61138
0.611179
0.610977
0.610776
0.610575
0.610374
0.610173
0.609972
0.609772
0.609571
0.60937
0.60917
0.60897
0.60877
0.60857
0.60837
0.60817
0.60797
0.60777
0.607571
0.607371
0.607172
0.606973
0.606773
0.606574
0.606375
0.606177
0.605978
0.605779
0.605581
0.605382
0.605184
0.604986
0.604788
0.60459
0.604392
0.604194
0.603996
0.603799
0.603601
0.603404
0.603206
0.603009
0.602812
0.602615
0.602418
0.602222
0.602025
0.601828
0.601632
0.601436
0.601239
0.601043
0.600847
0.600651
0.600456
0.60026
0.600064
0.599869
0.599674
0.599478
0.599283
0.599088
0.598893
0.598698
0.598504
0.598309
0.598114
0.59792
0.597726
0.597532
0.597338
0.597144
0.59695
0.596756
0.596562
0.596369
0.596175
0.595982
0.595789
0.595596
0.595403
0.59521
0.595017
0.594824
0.594632
0.59444
0.594247
0.594055
0.593863
0.593671
0.593479
0.593287
0.593096
0.592904
0.592713
0.592521
0.59233
0.592139
0.591948
0.591757
0.591566
0.591376
0.591185
0.590995
0.590804
0.590614
0.590424
0.590234
0.590044
0.589854
0.589665
0.589475
0.589286
0.589096
0.588907
0.588718
0.588529
0.58834
0.588151
0.587963
0.587774
0.587586
0.587398
0.587209
0.587021
0.586833
0.586646
0.586458
0.58627
0.586083
0.585895
0.585708
0.585521
0.585334
0.585147
0.58496
0.584773
0.584587
0.5844
0.584214
0.584028
0.583842
0.583656
0.58347
0.583284
0.583099
0.582913
0.582728
0.582542
0.582357
0.582172
0.581987
0.581802
0.581618
0.581433
0.581248
0.581064
0.58088
0.580696
0.580512
0.580328
0.580144
0.57996
0.579777
0.579594
0.57941
0.579227
0.579044
0.578861
0.578678
0.578496
0.578313
0.578131
0.577948
0.577766
0.577584
0.577402
0.57722
0.577038
0.576857
0.576675
0.576494
0.576313
0.576131
0.57595
0.575769
0.575589
0.575408
0.575228
0.575047
0.574867
0.574687
0.574507
0.574327
0.574147
0.573967
0.573788
0.573608
0.573429
0.57325
0.573071
0.572892
0.572713
0.572534
0.572356
0.572177
0.571999
0.571821
0.571643
0.571465
0.571287
0.571109
0.570931
0.570754
0.570577
0.570399
0.570222
0.570045
0.569869
0.569692
0.569515
0.569339
0.569162
0.568986
0.56881
0.568634
0.568458
0.568283
0.568107
0.567932
0.567756
0.567581
0.567406
0.567231
0.567056
0.566881
0.566707
0.566532
0.566358
0.566184
0.56601
0.565836
0.565662
0.565488
0.565315
0.565141
0.564968
0.564795
0.564622
0.564449
0.564276
0.564104
0.563931
0.563759
0.563586
0.563414
0.563242
0.56307
0.562899
0.562727
0.562555
0.562384
0.562213
0.562042
0.561871
0.5617
0.561529
0.561359
0.561188
0.561018
0.560848
0.560678
0.560508
0.560338
0.560168
0.559999
0.559829
0.55966
0.559491
0.559322
0.559153
0.558984
0.558816
0.558647
0.558479
0.558311
0.558142
0.557975
0.557807
0.557639
0.557471
0.557304
0.557137
0.55697
0.556803
0.556636
0.556469
0.556302
0.556136
0.55597
0.555803
0.555637
0.555471
0.555305
0.55514
0.554974
0.554809
0.554644
0.554478
0.554313
0.554149
0.553984
0.553819
0.553655
0.553491
0.553326
0.553162
0.552998
0.552835
0.552671
0.552508
0.552344
0.552181
0.552018
0.551855
0.551692
0.551529
0.551367
0.551204
0.551042
0.55088
0.550718
0.550556
0.550395
0.550233
0.550072
0.54991
0.549749
0.549588
0.549427
0.549267
0.549106
0.548945
0.548785
0.548625
0.548465
0.548305
0.548145
0.547986
0.547826
0.547667
0.547508
0.547349
0.54719
0.547031
0.546872
0.546714
0.546555
0.546397
0.546239
0.546081
0.545924
0.545766
0.545608
0.545451
0.545294
0.545137
0.54498
0.544823
0.544666
0.54451
0.544354
0.544197
0.544041
0.543885
0.54373
0.543574
0.543418
0.543263
0.543108
0.542953
0.542798
0.542643
0.542489
0.542334
0.54218
0.542026
0.541871
0.541718
0.541564
0.54141
0.541257
0.541103
0.54095
0.540797
0.540644
0.540492
0.540339
0.540187
0.540034
0.539882
0.53973
0.539578
0.539427
0.539275
0.539124
0.538972
0.538821
0.53867
0.538519
0.538369
0.538218
0.538068
0.537918
0.537768
0.537618
0.537468
0.537318
0.537169
0.537019
0.53687
0.536721
0.536572
0.536423
0.536275
0.536126
0.535978
0.53583
0.535682
0.535534
0.535386
0.535239
0.535092
0.534944
0.534797
0.53465
0.534503
0.534357
0.53421
0.534064
0.533918
0.533772
0.533626
0.53348
0.533335
0.533189
0.533044
0.532899
0.532754
0.532609
0.532464
0.53232
0.532176
0.532031
0.531887
0.531743
0.5316
0.531456
0.531313
0.531169
0.531026
0.530883
0.530741
0.530598
0.530455
0.530313
0.530171
0.530029
0.529887
0.529745
0.529604
0.529462
0.529321
0.52918
0.529039
0.528898
0.528757
0.528617
0.528477
0.528337
0.528197
0.528057
0.527917
0.527777
0.527638
0.527499
0.52736
0.527221
0.527082
0.526944
0.526805
0.526667
0.526529
0.526391
0.526253
0.526115
0.525978
0.52584
0.525703
0.525566
0.525429
0.525293
0.525156
0.52502
0.524884
0.524748
0.524612
0.524476
0.52434
0.524205
0.52407
0.523935
0.5238
0.523665
0.52353
0.523396
0.523262
0.523127
0.522993
0.52286
0.522726
0.522593
0.522459
0.522326
0.522193
0.52206
0.521928
0.521795
0.521663
0.521531
0.521399
0.521267
0.521135
0.521003
0.520872
0.520741
0.52061
0.520479
0.520348
0.520218
0.520087
0.519957
0.519827
0.519697
0.519567
0.519438
0.519309
0.519179
0.51905
0.518921
0.518793
0.518664
0.518536
0.518407
0.518279
0.518151
0.518024
0.517896
0.517769
0.517641
0.517514
0.517387
0.517261
0.517134
0.517008
0.516882
0.516755
0.51663
0.516504
0.516378
0.516253
0.516128
0.516003
0.515878
0.515753
0.515628
0.515504
0.51538
0.515256
0.515132
0.515008
0.514885
0.514761
0.514638
0.514515
0.514392
0.514269
0.514147
0.514024
0.513902
0.51378
0.513658
0.513537
0.513415
0.513294
0.513173
0.513052
0.512931
0.51281
0.51269
0.512569
0.512449
0.512329
0.51221
0.51209
0.51197
0.511851
0.511732
0.511613
0.511494
0.511376
0.511257
0.511139
0.511021
0.510903
0.510785
0.510668
0.510551
0.510433
0.510316
0.510199
0.510083
0.509966
0.50985
0.509734
0.509618
0.509502
0.509386
0.509271
0.509156
0.50904
0.508926
0.508811
0.508696
0.508582
0.508468
0.508354
0.50824
0.508126
0.508012
0.507899
0.507786
0.507673
0.50756
0.507447
0.507335
0.507223
0.507111
0.506999
0.506887
0.506775
0.506664
0.506553
0.506442
0.506331
0.50622
0.506109
0.505999
0.505889
0.505779
0.505669
0.50556
0.50545
0.505341
0.505232
0.505123
0.505014
0.504906
0.504797
0.504689
0.504581
0.504473
0.504365
0.504258
0.504151
0.504044
0.503937
0.50383
0.503723
0.503617
0.503511
0.503405
0.503299
0.503193
0.503088
0.502982
0.502877
0.502772
0.502668
0.502563
0.502459
0.502354
0.50225
0.502147
0.502043
0.501939
0.501836
0.501733
0.50163
0.501527
0.501425
0.501322
0.50122
0.501118
0.501016
0.500915
0.500813
0.500712
0.500611
0.50051
0.500409
0.500309
0.500208
0.500108
0.500008
0.499908
0.499809
0.499709
0.49961
0.499511
0.499412
0.499313
0.499215
0.499117
0.499018
0.49892
0.498823
0.498725
0.498628
0.498531
0.498434
0.498337
0.49824
0.498144
0.498047
0.497951
0.497855
0.49776
0.497664
0.497569
0.497474
0.497379
0.497284
0.497189
0.497095
0.497001
0.496907
0.496813
0.496719
0.496626
0.496532
0.496439
0.496347
0.496254
0.496161
0.496069
0.495977
0.495885
0.495793
0.495702
0.49561
0.495519
0.495428
0.495337
0.495247
0.495156
0.495066
0.494976
0.494886
0.494796
0.494707
0.494618
0.494529
0.49444
0.494351
0.494262
0.494174
0.494086
0.493998
0.49391
0.493823
0.493735
0.493648
0.493561
0.493474
0.493388
0.493301
0.493215
0.493129
0.493043
0.492958
0.492872
0.492787
0.492702
0.492617
0.492532
0.492448
0.492364
0.49228
0.492196
0.492112
0.492028
0.491945
0.491862
0.491779
0.491696
0.491614
0.491531
0.491449
0.491367
0.491286
0.491204
0.491123
0.491042
0.490961
0.49088
0.490799
0.490719
0.490639
0.490559
0.490479
0.490399
0.49032
0.490241
0.490162
0.490083
0.490004
0.489926
0.489847
0.489769
0.489691
0.489614
0.489536
0.489459
0.489382
0.489305
0.489229
0.489152
0.489076
0.489
0.488924
0.488848
0.488773
0.488697
0.488622
0.488548
0.488473
0.488398
0.488324
0.48825
0.488176
0.488102
0.488029
0.487956
0.487882
0.48781
0.487737
0.487664
0.487592
0.48752
0.487448
0.487376
0.487305
0.487234
0.487162
0.487092
0.487021
0.48695
0.48688
0.48681
0.48674
0.48667
0.486601
0.486532
0.486462
0.486394
0.486325
0.486256
0.486188
0.48612
0.486052
0.485984
0.485917
0.48585
0.485783
0.485716
0.485649
0.485582
0.485516
0.48545
0.485384
0.485319
0.485253
0.485188
0.485123
0.485058
0.484993
0.484929
0.484865
0.4848
0.484737
0.484673
0.484609
0.484546
0.484483
0.48442
0.484358
0.484295
0.484233
0.484171
0.484109
0.484048
0.483986
0.483925
0.483864
0.483803
0.483743
0.483682
0.483622
0.483562
0.483502
0.483443
0.483383
0.483324
0.483265
0.483206
0.483148
0.483089
0.483031
0.482973
0.482916
0.482858
0.482801
0.482744
0.482687
0.48263
0.482574
0.482517
0.482461
0.482405
0.48235
0.482294
0.482239
0.482184
0.482129
0.482074
0.48202
0.481966
0.481912
0.481858
0.481804
0.481751
0.481698
0.481645
0.481592
0.481539
0.481487
0.481435
0.481383
0.481331
0.481279
0.481228
0.481177
0.481126
0.481075
0.481025
0.480974
0.480924
0.480874
0.480825
0.480775
0.480726
0.480677
0.480628
0.480579
0.480531
0.480483
0.480435
0.480387
0.480339
0.480292
0.480245
0.480198
0.480151
0.480105
0.480058
0.480012
0.479966
0.47992
0.479875
0.47983
0.479784
0.47974
0.479695
0.47965
0.479606
0.479562
0.479518
0.479475
0.479431
0.479388
0.479345
0.479302
0.47926
0.479217
0.479175
0.479133
0.479092
0.47905
0.479009
0.478968
0.478927
0.478886
0.478845
0.478805
0.478765
0.478725
0.478686
0.478646
0.478607
0.478568
0.478529
0.478491
0.478452
0.478414
0.478376
0.478338
0.478301
0.478264
0.478227
0.47819
0.478153
0.478116
0.47808
0.478044
0.478008
0.477973
0.477937
0.477902
0.477867
0.477832
0.477798
0.477763
0.477729
0.477695
0.477662
0.477628
0.477595
0.477562
0.477529
0.477496
0.477464
0.477432
0.477399
0.477368
0.477336
0.477305
0.477274
0.477243
0.477212
0.477181
0.477151
0.477121
0.477091
0.477061
0.477032
0.477003
0.476974
0.476945
0.476916
0.476888
0.476859
0.476832
0.476804
0.476776
0.476749
0.476722
0.476695
0.476668
0.476642
0.476615
0.476589
0.476563
0.476538
0.476512
0.476487
0.476462
0.476437
0.476413
0.476389
0.476364
0.47634
0.476317
0.476293
0.47627
0.476247
0.476224
0.476201
0.476179
0.476157
0.476135
0.476113
0.476091
0.47607
0.476049
0.476028
0.476007
0.475987
0.475966
0.475946
0.475927
0.475907
0.475887
0.475868
0.475849
0.47583
0.475812
0.475794
0.475775
0.475757
0.47574
0.475722
0.475705
0.475688
0.475671
0.475654
0.475638
0.475622
0.475606
0.47559
0.475574
0.475559
0.475544
0.475529
0.475514
0.4755
0.475486
0.475472
0.475458
0.475444
0.475431
0.475417
0.475404
0.475392
0.475379
0.475367
0.475355
0.475343
0.475331
0.47532
0.475308
0.475297
0.475286
0.475276
0.475265
0.475255
0.475245
0.475235
0.475226
0.475217
0.475207
0.475199
0.47519
0.475181
0.475173
0.475165
0.475157
0.47515
0.475142
0.475135
0.475128
0.475121
0.475115
0.475109
0.475103
0.475097
0.475091
0.475086
0.47508
0.475075
0.47507
0.475066
0.475062
0.475057
0.475053
0.47505
0.475046
0.475043
0.47504
0.475037
0.475034
0.475032
0.47503
0.475028
0.475026
0.475024
0.475023
0.475022
0.475021
0.47502
0.47502
0.475019
0.475019
0.475019
0.47502
0.47502
0.475021
0.475022
0.475023
0.475025
0.475027
0.475028
0.475031
0.475033
0.475035
0.475038
0.475041
0.475044
0.475048
0.475051
0.475055
0.475059
0.475063
0.475068
0.475072
0.475077
0.475082
0.475088
0.475093
0.475099
0.475105
0.475111
0.475118
0.475124
0.475131
0.475138
0.475145
0.475153
0.475161
0.475169
0.475177
0.475185
0.475194
0.475202
0.475211
0.475221
0.47523
0.47524
0.475249
0.475259
0.47527
0.47528
0.475291
0.475302
0.475313
0.475324
0.475336
0.475348
0.47536
0.475372
0.475384
0.475397
0.47541
0.475423
0.475436
0.47545
0.475464
0.475477
0.475492
0.475506
0.475521
0.475535
0.47555
0.475566
0.475581
0.475597
0.475613
0.475629
0.475645
0.475661
0.475678
0.475695
0.475712
0.47573
0.475747
0.475765
0.475783
0.475801
0.47582
0.475838
0.475857
0.475876
0.475896
0.475915
0.475935
0.475955
0.475975
0.475995
0.476016
0.476037
0.476058
0.476079
0.4761
0.476122
0.476144
0.476166
0.476188
0.476211
0.476234
0.476257
0.47628
0.476303
0.476327
0.476351
0.476375
0.476399
0.476423
0.476448
0.476473
0.476498
0.476523
0.476549
0.476574
0.4766
0.476626
0.476653
0.476679
0.476706
0.476733
0.47676
0.476788
0.476815
0.476843
0.476871
0.4769
0.476928
0.476957
0.476986
0.477015
0.477044
0.477074
0.477104
0.477134
0.477164
0.477194
0.477225
0.477256
0.477287
0.477318
0.477349
0.477381
0.477413
0.477445
0.477477
0.47751
0.477543
0.477576
0.477609
0.477642
0.477676
0.47771
0.477744
0.477778
0.477812
0.477847
0.477882
0.477917
0.477952
0.477988
0.478023
0.478059
0.478096
0.478132
0.478168
0.478205
0.478242
0.478279
0.478317
0.478354
0.478392
0.47843
0.478468
0.478507
0.478546
0.478585
0.478624
0.478663
0.478702
0.478742
0.478782
0.478822
0.478863
0.478903
0.478944
0.478985
0.479026
0.479068
0.479109
0.479151
0.479193
0.479235
0.479278
0.47932
0.479363
0.479406
0.47945
0.479493
0.479537
0.479581
0.479625
0.479669
0.479714
0.479759
0.479804
0.479849
0.479894
0.47994
0.479986
0.480032
0.480078
0.480124
0.480171
0.480218
0.480265
0.480312
0.48036
0.480407
0.480455
0.480503
0.480552
0.4806
0.480649
0.480698
0.480747
0.480796
0.480846
0.480896
0.480945
0.480996
0.481046
0.481097
0.481147
0.481198
0.48125
0.481301
0.481353
0.481405
0.481457
0.481509
0.481561
0.481614
0.481667
0.48172
0.481773
0.481827
0.481881
0.481934
0.481989
0.482043
0.482097
0.482152
0.482207
0.482262
0.482318
0.482373
0.482429
0.482485
0.482541
0.482597
0.482654
0.482711
0.482768
0.482825
0.482882
0.48294
0.482998
0.483056
0.483114
0.483173
0.483231
0.48329
0.483349
0.483408
0.483468
0.483527
0.483587
0.483647
0.483708
0.483768
0.483829
0.48389
0.483951
0.484012
0.484074
0.484135
0.484197
0.484259
0.484322
0.484384
0.484447
0.48451
0.484573
0.484636
0.4847
0.484764
0.484828
0.484892
0.484956
0.485021
0.485085
0.48515
0.485215
0.485281
0.485346
0.485412
0.485478
0.485544
0.485611
0.485677
0.485744
0.485811
0.485878
0.485945
0.486013
0.486081
0.486149
0.486217
0.486285
0.486354
0.486423
0.486492
0.486561
0.48663
0.4867
0.48677
0.48684
0.48691
0.48698
0.487051
0.487122
0.487193
0.487264
0.487335
0.487407
0.487478
0.48755
0.487623
0.487695
0.487768
0.48784
0.487913
0.487987
0.48806
0.488134
0.488207
0.488281
0.488355
0.48843
0.488504
0.488579
0.488654
0.488729
0.488805
0.48888
0.488956
0.489032
0.489108
0.489184
0.489261
0.489338
0.489415
0.489492
0.489569
0.489647
0.489724
0.489802
0.48988
0.489959
0.490037
0.490116
0.490195
0.490274
0.490353
0.490433
0.490513
0.490592
0.490672
0.490753
0.490833
0.490914
0.490995
0.491076
0.491157
0.491239
0.49132
0.491402
0.491484
0.491566
0.491649
0.491731
0.491814
0.491897
0.49198
0.492064
0.492147
0.492231
0.492315
0.492399
0.492484
0.492568
0.492653
0.492738
0.492823
0.492908
0.492994
0.49308
0.493166
0.493252
0.493338
0.493424
0.493511
0.493598
0.493685
0.493772
0.49386
0.493947
0.494035
0.494123
0.494211
0.4943
0.494388
0.494477
0.494566
0.494655
0.494745
0.494834
0.494924
0.495014
0.495104
0.495194
0.495285
0.495376
0.495466
0.495558
0.495649
0.49574
0.495832
0.495924
0.496016
0.496108
0.4962
0.496293
0.496386
0.496479
0.496572
0.496665
0.496759
0.496853
0.496946
0.497041
0.497135
0.497229
0.497324
0.497419
0.497514
0.497609
0.497704
0.4978
0.497896
0.497992
0.498088
0.498184
0.498281
0.498378
0.498475
0.498572
0.498669
0.498766
0.498864
0.498962
0.49906
0.499158
0.499257
0.499355
0.499454
0.499553
0.499652
0.499751
0.499851
0.499951
0.50005
0.50015
0.500251
0.500351
0.500452
0.500553
0.500654
0.500755
0.500856
0.500958
0.501059
0.501161
0.501263
0.501366
0.501468
0.501571
0.501674
0.501777
0.50188
0.501983
0.502087
0.50219
0.502294
0.502399
0.502503
0.502607
0.502712
0.502817
0.502922
0.503027
0.503132
0.503238
0.503344
0.50345
0.503556
0.503662
0.503768
0.503875
0.503982
0.504089
0.504196
0.504303
0.504411
0.504519
0.504627
0.504735
0.504843
0.504951
0.50506
0.505169
0.505278
0.505387
0.505496
0.505606
0.505716
0.505825
0.505936
0.506046
0.506156
0.506267
0.506378
0.506488
0.5066
0.506711
0.506822
0.506934
0.507046
0.507158
0.50727
0.507382
0.507495
0.507608
0.507721
0.507834
0.507947
0.50806
0.508174
0.508288
0.508402
0.508516
0.50863
0.508745
0.508859
0.508974
0.509089
0.509204
0.50932
0.509435
0.509551
0.509667
0.509783
0.509899
0.510016
0.510132
0.510249
0.510366
0.510483
0.5106
0.510718
0.510835
0.510953
0.511071
0.511189
0.511307
0.511426
0.511545
0.511663
0.511782
0.511902
0.512021
0.512141
0.51226
0.51238
0.5125
0.51262
0.512741
0.512861
0.512982
0.513103
0.513224
0.513345
0.513467
0.513588
0.51371
0.513832
0.513954
0.514076
0.514199
0.514321
0.514444
0.514567
0.51469
0.514813
0.514937
0.51506
0.515184
0.515308
0.515432
0.515557
0.515681
0.515806
0.51593
0.516055
0.516181
0.516306
0.516431
0.516557
0.516683
0.516809
0.516935
0.517061
0.517188
0.517314
0.517441
0.517568
0.517695
0.517823
0.51795
0.518078
0.518205
0.518333
0.518462
0.51859
0.518718
0.518847
0.518976
0.519105
0.519234
0.519363
0.519493
0.519622
0.519752
0.519882
0.520012
0.520142
0.520273
0.520404
0.520534
0.520665
0.520796
0.520928
0.521059
0.521191
0.521322
0.521454
0.521586
0.521719
0.521851
0.521984
0.522116
0.522249
0.522382
0.522516
0.522649
0.522783
0.522916
0.52305
0.523184
0.523318
0.523453
0.523587
0.523722
0.523857
0.523992
0.524127
0.524262
0.524398
0.524533
0.524669
0.524805
0.524941
0.525077
0.525214
0.525351
0.525487
0.525624
0.525761
0.525899
0.526036
0.526173
0.526311
0.526449
0.526587
0.526725
0.526864
0.527002
0.527141
0.52728
0.527419
0.527558
0.527697
0.527836
0.527976
0.528116
0.528256
0.528396
0.528536
0.528676
0.528817
0.528958
0.529099
0.52924
0.529381
0.529522
0.529664
0.529805
0.529947
0.530089
0.530231
0.530373
0.530516
0.530658
0.530801
0.530944
0.531087
0.53123
0.531373
0.531517
0.531661
0.531804
0.531948
0.532092
0.532237
0.532381
0.532526
0.53267
0.532815
0.53296
0.533105
0.533251
0.533396
0.533542
0.533688
0.533834
0.53398
0.534126
0.534272
0.534419
0.534566
0.534712
0.534859
0.535007
0.535154
0.535301
0.535449
0.535597
0.535745
0.535893
0.536041
0.536189
0.536338
0.536486
0.536635
0.536784
0.536933
0.537082
0.537232
0.537381
0.537531
0.537681
0.537831
0.537981
0.538131
0.538282
0.538432
0.538583
0.538734
0.538885
0.539036
0.539188
0.539339
0.539491
0.539642
0.539794
0.539946
0.540099
0.540251
0.540404
0.540556
0.540709
0.540862
0.541015
0.541168
0.541322
0.541475
0.541629
0.541783
0.541937
0.542091
0.542245
0.542399
0.542554
0.542709
0.542863
0.543018
0.543174
0.543329
0.543484
0.54364
0.543795
0.543951
0.544107
0.544263
0.54442
0.544576
0.544733
0.544889
0.545046
0.545203
0.54536
0.545518
0.545675
0.545833
0.54599
0.546148
0.546306
0.546464
0.546622
0.546781
0.546939
0.547098
0.547257
0.547416
0.547575
0.547734
0.547894
0.548053
0.548213
0.548373
0.548533
0.548693
0.548853
0.549013
0.549174
0.549334
0.549495
0.549656
0.549817
0.549979
0.55014
0.550301
0.550463
0.550625
0.550787
0.550949
0.551111
0.551273
0.551436
0.551598
0.551761
0.551924
0.552087
0.55225
0.552413
0.552577
0.55274
0.552904
0.553068
0.553232
0.553396
0.55356
0.553724
0.553889
0.554054
0.554218
0.554383
0.554548
0.554714
0.554879
0.555044
0.55521
0.555376
0.555541
0.555707
0.555874
0.55604
0.556206
0.556373
0.556539
0.556706
0.556873
0.55704
0.557208
0.557375
0.557542
0.55771
0.557878
0.558046
0.558214
0.558382
0.55855
0.558718
0.558887
0.559056
0.559224
0.559393
0.559562
0.559732
0.559901
0.56007
0.56024
0.56041
0.56058
0.560749
0.56092
0.56109
0.56126
0.561431
0.561601
0.561772
0.561943
0.562114
0.562285
0.562457
0.562628
0.5628
0.562971
0.563143
0.563315
0.563487
0.563659
0.563832
0.564004
0.564177
0.564349
0.564522
0.564695
0.564868
0.565041
0.565215
0.565388
0.565562
0.565736
0.565909
0.566083
0.566258
0.566432
0.566606
0.566781
0.566955
0.56713
0.567305
0.56748
0.567655
0.56783
0.568006
0.568181
0.568357
0.568533
0.568709
0.568885
0.569061
0.569237
0.569413
0.56959
0.569767
0.569943
0.57012
0.570297
0.570474
0.570652
0.570829
0.571007
0.571184
0.571362
0.57154
0.571718
0.571896
0.572074
0.572253
0.572431
0.57261
0.572788
0.572967
0.573146
0.573325
0.573505
0.573684
0.573864
0.574043
0.574223
0.574403
0.574583
0.574763
0.574943
0.575123
0.575304
0.575484
0.575665
0.575846
0.576027
0.576208
0.576389
0.57657
0.576752
0.576933
0.577115
0.577297
0.577479
0.577661
0.577843
0.578025
0.578208
0.57839
0.578573
0.578756
0.578938
0.579121
0.579305
0.579488
0.579671
0.579855
0.580038
0.580222
0.580406
0.58059
0.580774
0.580958
0.581142
0.581327
0.581511
0.581696
0.58188
0.582065
0.58225
0.582435
0.582621
0.582806
0.582991
0.583177
0.583363
0.583549
0.583734
0.58392
0.584107
0.584293
0.584479
0.584666
0.584852
0.585039
0.585226
0.585413
0.5856
0.585787
0.585975
0.586162
0.58635
0.586537
0.586725
0.586913
0.587101
0.587289
0.587477
0.587666
0.587854
0.588043
0.588231
0.58842
0.588609
0.588798
0.588987
0.589176
0.589366
0.589555
0.589745
0.589935
0.590124
0.590314
0.590504
0.590694
0.590885
0.591075
0.591266
0.591456
0.591647
0.591838
0.592029
0.59222
0.592411
0.592602
0.592794
0.592985
0.593177
0.593368
0.59356
0.593752
0.593944
0.594136
0.594329
0.594521
0.594713
0.594906
0.595099
0.595291
0.595484
0.595677
0.595871
0.596064
0.596257
0.596451
0.596644
0.596838
0.597032
0.597226
0.59742
0.597614
0.597808
0.598002
0.598197
0.598391
0.598586
0.598781
0.598976
0.599171
0.599366
0.599561
0.599756
0.599952
0.600147
0.600343
0.600538
0.600734
0.60093
0.601126
0.601322
0.601519
0.601715
0.601912
0.602108
0.602305
0.602502
0.602699
0.602896
0.603093
0.60329
0.603487
0.603685
0.603882
0.60408
0.604278
0.604475
0.604673
0.604871
0.60507
0.605268
0.605466
0.605665
0.605863
0.606062
0.606261
0.60646
0.606659
0.606858
0.607057
0.607256
0.607456
0.607655
0.607855
0.608054
0.608254
0.608454
0.608654
0.608854
0.609055
0.609255
0.609455
0.609656
0.609856
0.610057
0.610258
0.610459
0.61066
0.610861
0.611062
0.611264
0.611465
0.611667
0.611868
0.61207
0.612272
0.612474
0.612676
0.612878
0.61308
0.613283
0.613485
0.613688
0.61389
0.614093
0.614296
0.614499
0.614702
0.614905
0.615108
0.615312
0.615515
0.615719
0.615922
0.616126
0.61633
0.616534
0.616738
0.616942
0.617146
0.617351
0.617555
0.61776
0.617964
0.618169
0.618374
0.618579
0.618784
0.618989
0.619194
0.619399
0.619605
0.61981
0.620016
0.620222
0.620428
0.620633
0.620839
0.621045
0.620954
0.620862
0.62077
0.620678
0.620587
0.620495
0.620403
0.620312
0.62022
0.620128
0.620036
0.619945
0.619853
0.619761
0.61967
0.619578
0.619487
0.619395
0.619303
0.619212
0.61912
0.619029
0.618937
0.618845
0.618754
0.618662
0.618571
0.618479
0.618388
0.618296
0.618205
0.618113
0.618022
0.61793
0.617839
0.617748
0.617656
0.617565
0.617473
0.617382
0.61729
0.617199
0.617108
0.617016
0.616925
0.616834
0.616742
0.616651
0.61656
0.616468
0.616377
0.616286
0.616195
0.616103
0.616012
0.615921
0.61583
0.615738
0.615647
0.615556
0.615465
0.615374
0.615282
0.615191
0.6151
0.615009
0.614918
0.614827
0.614735
0.614644
0.614553
0.614462
0.614371
0.61428
0.614189
0.614098
0.614007
0.613916
0.613825
0.613734
0.613643
0.613552
0.613461
0.61337
0.613279
0.613188
0.613097
0.613006
0.612915
0.612824
0.612733
0.612643
0.612552
0.612461
0.61237
0.612279
0.612188
0.612097
0.612007
0.611916
0.611825
0.611734
0.611644
0.611553
0.611462
0.611371
0.611281
0.61119
0.611099
0.611008
0.610918
0.610827
0.610736
0.610646
0.610555
0.610464
0.610374
0.610283
0.610192
0.610102
0.610011
0.609921
0.60983
0.60974
0.609649
0.609558
0.609468
0.609377
0.609287
0.609196
0.609106
0.609015
0.608925
0.608834
0.608744
0.608654
0.608563
0.608473
0.608382
0.608292
0.608202
0.608111
0.608021
0.60793
0.60784
0.60775
0.607659
0.607569
0.607479
0.607389
0.607298
0.607208
0.607118
0.607027
0.606937
0.606847
0.606757
0.606666
0.606576
0.606486
0.606396
0.606306
0.606216
0.606125
0.606035
0.605945
0.605855
0.605765
0.605675
0.605585
0.605495
0.605405
0.605315
0.605224
0.605134
0.605044
0.604954
0.604864
0.604774
0.604684
0.604594
0.604504
0.604414
0.604325
0.604235
0.604145
0.604055
0.603965
0.603875
0.603785
0.603695
0.603605
0.603516
0.603426
0.603336
0.603246
0.603156
0.603066
0.602977
0.602887
0.602797
0.602707
0.602618
0.602528
0.602438
0.602348
0.602259
0.602169
0.602079
0.60199
0.6019
0.60181
0.601721
0.601631
0.601541
0.601452
0.601362
0.601273
0.601183
0.601094
0.601004
0.600914
0.600825
0.600735
0.600646
0.600556
0.600467
0.600377
0.600288
0.600198
0.600109
0.60002
0.59993
0.599841
0.599751
0.599662
0.599573
0.599483
0.599394
0.599304
0.599215
0.599126
0.599036
0.598947
0.598858
0.598769
0.598679
0.59859
0.598501
0.598412
0.598322
0.598233
0.598144
0.598055
0.597965
0.597876
0.597787
0.597698
0.597609
0.59752
0.597431
0.597341
0.597252
0.597163
0.597074
0.596985
0.596896
0.596807
0.596718
0.596629
0.59654
0.596451
0.596362
0.596273
0.596184
0.596095
0.596006
0.595917
0.595828
0.595739
0.59565
0.595561
0.595472
0.595384
0.595295
0.595206
0.595117
0.595028
0.594939
0.594851
0.594762
0.594673
0.594584
0.594495
0.594407
0.594318
0.594229
0.59414
0.594052
0.593963
0.593874
0.593786
0.593697
0.593608
0.59352
0.593431
0.593342
0.593254
0.593165
0.593077
0.592988
0.592899
0.592811
0.592722
0.592634
0.592545
0.592457
0.592368
0.59228
0.592191
0.592103
0.592014
0.591926
0.591838
0.591749
0.591661
0.591572
0.591484
0.591395
0.591307
0.591219
0.59113
0.591042
0.590954
0.590865
0.590777
0.590689
0.590601
0.590512
0.590424
0.590336
0.590248
0.590159
0.590071
0.589983
0.589895
0.589807
0.589718
0.58963
0.589542
0.589454
0.589366
0.589278
0.58919
0.589102
0.589013
0.588925
0.588837
0.588749
0.588661
0.588573
0.588485
0.588397
0.588309
0.588221
0.588133
0.588045
0.587957
0.587869
0.587782
0.587694
0.587606
0.587518
0.58743
0.587342
0.587254
0.587166
0.587079
0.586991
0.586903
0.586815
0.586727
0.58664
0.586552
0.586464
0.586376
0.586289
0.586201
0.586113
0.586026
0.585938
0.58585
0.585763
0.585675
0.585587
0.5855
0.585412
0.585324
0.585237
0.585149
0.585062
0.584974
0.584887
0.584799
0.584712
0.584624
0.584537
0.584449
0.584362
0.584274
0.584187
0.584099
0.584012
0.583924
0.583837
0.58375
0.583662
0.583575
0.583487
0.5834
0.583313
0.583225
0.583138
0.583051
0.582964
0.582876
0.582789
0.582702
0.582615
0.582527
0.58244
0.582353
0.582266
0.582179
0.582091
0.582004
0.581917
0.58183
0.581743
0.581656
0.581569
0.581481
0.581394
0.581307
0.58122
0.581133
0.581046
0.580959
0.580872
0.580785
0.580698
0.580611
0.580524
0.580437
0.58035
0.580263
0.580177
0.58009
0.580003
0.579916
0.579829
0.579742
0.579655
0.579568
0.579482
0.579395
0.579308
0.579221
0.579134
0.579048
0.578961
0.578874
0.578788
0.578701
0.578614
0.578527
0.578441
0.578354
0.578267
0.578181
0.578094
0.578008
0.577921
0.577834
0.577748
0.577661
0.577575
0.577488
0.577402
0.577315
0.577229
0.577142
0.577056
0.576969
0.576883
0.576796
0.57671
0.576623
0.576537
0.57645
0.576364
0.576278
0.576191
0.576105
0.576019
0.575932
0.575846
0.57576
0.575673
0.575587
0.575501
0.575415
0.575328
0.575242
0.575156
0.57507
0.574984
0.574897
0.574811
0.574725
0.574639
0.574553
0.574467
0.57438
0.574294
0.574208
0.574122
0.574036
0.57395
0.573864
0.573778
0.573692
0.573606
0.57352
0.573434
0.573348
0.573262
0.573176
0.57309
0.573004
0.572918
0.572833
0.572747
0.572661
0.572575
0.572489
0.572403
0.572318
0.572232
0.572146
0.57206
0.571974
0.571889
0.571803
0.571717
0.571631
0.571546
0.57146
0.571374
0.571289
0.571203
0.571117
0.571032
0.570946
0.570861
0.570775
0.570689
0.570604
0.570518
0.570433
0.570347
0.570262
0.570176
0.570091
0.570005
0.56992
0.569834
0.569749
0.569663
0.569578
0.569492
0.569407
0.569322
0.569236
0.569151
0.569066
0.56898
0.568895
0.56881
0.568724
0.568639
0.568554
0.568469
0.568383
0.568298
0.568213
0.568128
0.568042
0.567957
0.567872
0.567787
0.567702
0.567617
0.567532
0.567446
0.567361
0.567276
0.567191
0.567106
0.567021
0.566936
0.566851
0.566766
0.566681
0.566596
0.566511
0.566426
0.566341
0.566256
0.566171
0.566086
0.566002
0.565917
0.565832
0.565747
0.565662
0.565577
0.565492
0.565408
0.565323
0.565238
0.565153
0.565069
0.564984
0.564899
0.564814
0.56473
0.564645
0.56456
0.564476
0.564391
0.564306
0.564222
0.564137
0.564053
0.563968
0.563883
0.563799
0.563714
0.56363
0.563545
0.563461
0.563376
0.563292
0.563207
0.563123
0.563038
0.562954
0.56287
0.562785
0.562701
0.562616
0.562532
0.562448
0.562363
0.562279
0.562195
0.56211
0.562026
0.561942
0.561858
0.561773
0.561689
0.561605
0.561521
0.561436
0.561352
0.561268
0.561184
0.5611
0.561016
0.560931
0.560847
0.560763
0.560679
0.560595
0.560511
0.560427
0.560343
0.560259
0.560175
0.560091
0.560007
0.559923
0.559839
0.559755
0.559671
0.559587
0.559503
0.55942
0.559336
0.559252
0.559168
0.559084
0.559
0.558917
0.558833
0.558749
0.558665
0.558581
0.558498
0.558414
0.55833
0.558247
0.558163
0.558079
0.557996
0.557912
0.557828
0.557745
0.557661
0.557577
0.557494
0.55741
0.557327
0.557243
0.55716
0.557076
0.556993
0.556909
0.556826
0.556742
0.556659
0.556575
0.556492
0.556409
0.556325
0.556242
0.556158
0.556075
0.555992
0.555908
0.555825
0.555742
0.555659
0.555575
0.555492
0.555409
0.555326
0.555242
0.555159
0.555076
0.554993
0.55491
0.554826
0.554743
0.55466
0.554577
0.554494
0.554411
0.554328
0.554245
0.554162
0.554079
0.553996
0.553913
0.55383
0.553747
0.553664
0.553581
0.553498
0.553415
0.553332
0.553249
0.553166
0.553083
0.553001
0.552918
0.552835
0.552752
0.552669
0.552586
0.552504
0.552421
0.552338
0.552255
0.552173
0.55209
0.552007
0.551925
0.551842
0.551759
0.551677
0.551594
0.551512
0.551429
0.551346
0.551264
0.551181
0.551099
0.551016
0.550934
0.550851
0.550769
0.550686
0.550604
0.550521
0.550439
0.550356
0.550274
0.550192
0.550109
0.550027
0.549945
0.549862
0.54978
0.549698
0.549615
0.549533
0.549451
0.549369
0.549286
0.549204
0.549122
0.54904
0.548958
0.548875
0.548793
0.548711
0.548629
0.548547
0.548465
0.548383
0.548301
0.548219
0.548137
0.548055
0.547973
0.547891
0.547809
0.547727
0.547645
0.547563
0.547481
0.547399
0.547317
0.547235
0.547153
0.547071
0.54699
0.546908
0.546826
0.546744
0.546662
0.546581
0.546499
0.546417
0.546335
0.546254
0.546172
0.54609
0.546009
0.545927
0.545845
0.545764
0.545682
0.5456
0.545519
0.545437
0.545356
0.545274
0.545193
0.545111
0.54503
0.544948
0.544867
0.544785
0.544704
0.544622
0.544541
0.544459
0.544378
0.544297
0.544215
0.544134
0.544053
0.543971
0.54389
0.543809
0.543728
0.543646
0.543565
0.543484
0.543403
0.543321
0.54324
0.543159
0.543078
0.542997
0.542916
0.542834
0.542753
0.542672
0.542591
0.54251
0.542429
0.542348
0.542267
0.542186
0.542105
0.542024
0.541943
0.541862
0.541781
0.5417
0.541619
0.541539
0.541458
0.541377
0.541296
0.541215
0.541134
0.541054
0.540973
0.540892
0.540811
0.540731
0.54065
0.540569
0.540488
0.540408
0.540327
0.540246
0.540166
0.540085
0.540005
0.539924
0.539843
0.539763
0.539682
0.539602
0.539521
0.539441
0.53936
0.53928
0.539199
0.539119
0.539038
0.538958
0.538878
0.538797
0.538717
0.538637
0.538556
0.538476
0.538396
0.538315
0.538235
0.538155
0.538074
0.537994
0.537914
0.537834
0.537754
0.537673
0.537593
0.537513
0.537433
0.537353
0.537273
0.537193
0.537113
0.537032
0.536952
0.536872
0.536792
0.536712
0.536632
0.536552
0.536472
0.536393
0.536313
0.536233
0.536153
0.536073
0.535993
0.535913
0.535833
0.535754
0.535674
0.535594
0.535514
0.535434
0.535355
0.535275
0.535195
0.535116
0.535036
0.534956
0.534876
0.534797
0.534717
0.534638
0.534558
0.534478
0.534399
0.534319
0.53424
0.53416
0.534081
0.534001
0.533922
0.533842
0.533763
0.533683
0.533604
0.533525
0.533445
0.533366
0.533287
0.533207
0.533128
0.533049
0.532969
0.53289
0.532811
0.532731
0.532652
0.532573
0.532494
0.532415
0.532335
0.532256
0.532177
0.532098
0.532019
0.53194
0.531861
0.531782
0.531703
0.531624
0.531545
0.531466
0.531387
0.531308
0.531229
0.53115
0.531071
0.530992
0.530913
0.530834
0.530755
0.530676
0.530598
0.530519
0.53044
0.530361
0.530282
0.530204
0.530125
0.530046
0.529967
0.529889
0.52981
0.529731
0.529653
0.529574
0.529496
0.529417
0.529338
0.52926
0.529181
0.529103
0.529024
0.528946
0.528867
0.528789
0.52871
0.528632
0.528553
0.528475
0.528397
0.528318
0.52824
0.528161
0.528083
0.528005
0.527926
0.527848
0.52777
0.527692
0.527613
0.527535
0.527457
0.527379
0.527301
0.527222
0.527144
0.527066
0.526988
0.52691
0.526832
0.526754
0.526676
0.526598
0.52652
0.526442
0.526364
0.526286
0.526208
0.52613
0.526052
0.525974
0.525896
0.525818
0.52574
0.525662
0.525585
0.525507
0.525429
0.525351
0.525273
0.525196
0.525118
0.52504
0.524963
0.524885
0.524807
0.52473
0.524652
0.524574
0.524497
0.524419
0.524341
0.524264
0.524186
0.524109
0.524031
0.523954
0.523876
0.523799
0.523721
0.523644
0.523567
0.523489
0.523412
0.523334
0.523257
0.52318
0.523102
0.523025
0.522948
0.522871
0.522793
0.522716
0.522639
0.522562
0.522484
0.522407
0.52233
0.522253
0.522176
0.522099
0.522022
0.521945
0.521868
0.52179
0.521713
0.521636
0.521559
0.521482
0.521405
0.521329
0.521252
0.521175
0.521098
0.521021
0.520944
0.520867
0.52079
0.520714
0.520637
0.52056
0.520483
0.520406
0.52033
0.520253
0.520176
0.5201
0.520023
0.519946
0.51987
0.519793
0.519716
0.51964
0.519563
0.519487
0.51941
0.519334
0.519257
0.519181
0.519104
0.519028
0.518951
0.518875
0.518798
0.518722
0.518646
0.518569
0.518493
0.518417
0.51834
0.518264
0.518188
0.518111
0.518035
0.517959
0.517883
0.517807
0.51773
0.517654
0.517578
0.517502
0.517426
0.51735
0.517274
0.517198
0.517122
0.517046
0.51697
0.516894
0.516818
0.516742
0.516666
0.51659
0.516514
0.516438
0.516362
0.516286
0.51621
0.516135
0.516059
0.515983
0.515907
0.515831
0.515756
0.51568
0.515604
0.515529
0.515453
0.515377
0.515302
0.515226
0.51515
0.515075
0.514999
0.514924
0.514848
0.514773
0.514697
0.514622
0.514546
0.514471
0.514395
0.51432
0.514244
0.514169
0.514094
0.514018
0.513943
0.513868
0.513792
0.513717
0.513642
0.513567
0.513491
0.513416
0.513341
0.513266
0.513191
0.513115
0.51304
0.512965
0.51289
0.512815
0.51274
0.512665
0.51259
0.512515
0.51244
0.512365
0.51229
0.512215
0.51214
0.512065
0.51199
0.511915
0.51184
0.511766
0.511691
0.511616
0.511541
0.511466
0.511392
0.511317
0.511242
0.511168
0.511093
0.511018
0.510943
0.510869
0.510794
0.51072
0.510645
0.510571
0.510496
0.510421
0.510347
0.510272
0.510198
0.510123
0.510049
0.509975
0.5099
0.509826
0.509751
0.509677
0.509603
0.509528
0.509454
0.50938
0.509306
0.509231
0.509157
0.509083
0.509009
0.508934
0.50886
0.508786
0.508712
0.508638
0.508564
0.50849
0.508416
0.508342
0.508268
0.508194
0.50812
0.508046
0.507972
0.507898
0.507824
0.50775
0.507676
0.507602
0.507528
0.507454
0.507381
0.507307
0.507233
0.507159
0.507086
0.507012
0.506938
0.506864
0.506791
0.506717
0.506644
0.50657
0.506496
0.506423
0.506349
0.506276
0.506202
0.506129
0.506055
0.505982
0.505908
0.505835
0.505761
0.505688
0.505614
0.505541
0.505468
0.505394
0.505321
0.505248
0.505175
0.505101
0.505028
0.504955
0.504882
0.504808
0.504735
0.504662
0.504589
0.504516
0.504443
0.50437
0.504297
0.504223
0.50415
0.504077
0.504004
0.503931
0.503859
0.503786
0.503713
0.50364
0.503567
0.503494
0.503421
0.503348
0.503276
0.503203
0.50313
0.503057
0.502984
0.502912
0.502839
0.502766
0.502694
0.502621
0.502548
0.502476
0.502403
0.502331
0.502258
0.502185
0.502113
0.50204
0.501968
0.501895
0.501823
0.501751
0.501678
0.501606
0.501533
0.501461
0.501389
0.501316
0.501244
0.501172
0.5011
0.501027
0.500955
0.500883
0.500811
0.500738
0.500666
0.500594
0.500522
0.50045
0.500378
0.500306
0.500234
0.500162
0.50009
0.500018
0.499946
0.499874
0.499802
0.49973
0.499658
0.499586
0.499514
0.499442
0.499371
0.499299
0.499227
0.499155
0.499084
0.499012
0.49894
0.498868
0.498797
0.498725
0.498653
0.498582
0.49851
0.498439
0.498367
0.498295
0.498224
0.498152
0.498081
0.498009
0.497938
0.497867
0.497795
0.497724
0.497652
0.497581
0.49751
0.497438
0.497367
0.497296
0.497225
0.497153
0.497082
0.497011
0.49694
0.496868
0.496797
0.496726
0.496655
0.496584
0.496513
0.496442
0.496371
0.4963
0.496229
0.496158
0.496087
0.496016
0.495945
0.495874
0.495803
0.495732
0.495661
0.495591
0.49552
0.495449
0.495378
0.495307
0.495237
0.495166
0.495095
0.495025
0.494954
0.494883
0.494813
0.494742
0.494671
0.494601
0.49453
0.49446
0.494389
0.494319
0.494248
0.494178
0.494107
0.494037
0.493967
0.493896
0.493826
0.493756
0.493685
0.493615
0.493545
0.493474
0.493404
0.493334
0.493264
0.493194
0.493123
0.493053
0.492983
0.492913
0.492843
0.492773
0.492703
0.492633
0.492563
0.492493
0.492423
0.492353
0.492283
0.492213
0.492143
0.492073
0.492003
0.491933
0.491864
0.491794
0.491724
0.491654
0.491585
0.491515
0.491445
0.491375
0.491306
0.491236
0.491167
0.491097
0.491027
0.490958
0.490888
0.490819
0.490749
0.49068
0.49061
0.490541
0.490471
0.490402
0.490333
0.490263
0.490194
0.490124
0.490055
0.489986
0.489917
0.489847
0.489778
0.489709
0.48964
0.489571
0.489501
0.489432
0.489363
0.489294
0.489225
0.489156
0.489087
0.489018
0.488949
0.48888
0.488811
0.488742
0.488673
0.488604
0.488535
0.488466
0.488398
0.488329
0.48826
0.488191
0.488122
0.488054
0.487985
0.487916
0.487848
0.487779
0.48771
0.487642
0.487573
0.487504
0.487436
0.487367
0.487299
0.48723
0.487162
0.487093
0.487025
0.486956
0.486888
0.48682
0.486751
0.486683
0.486615
0.486546
0.486478
0.48641
0.486342
0.486273
0.486205
0.486137
0.486069
0.486001
0.485933
0.485864
0.485796
0.485728
0.48566
0.485592
0.485524
0.485456
0.485388
0.48532
0.485252
0.485185
0.485117
0.485049
0.484981
0.484913
0.484845
0.484778
0.48471
0.484642
0.484574
0.484507
0.484439
0.484371
0.484304
0.484236
0.484168
0.484101
0.484033
0.483966
0.483898
0.483831
0.483763
0.483696
0.483628
0.483561
0.483494
0.483426
0.483359
0.483291
0.483224
0.483157
0.48309
0.483022
0.482955
0.482888
0.482821
0.482754
0.482686
0.482619
0.482552
0.482485
0.482418
0.482351
0.482284
0.482217
0.48215
0.482083
0.482016
0.481949
0.481882
0.481815
0.481748
0.481682
0.481615
0.481548
0.481481
0.481414
0.481348
0.481281
0.481214
0.481148
0.481081
0.481014
0.480948
0.480881
0.480815
0.480748
0.480682
0.480615
0.480549
0.480482
0.480416
0.480349
0.480283
0.480216
0.48015
0.480084
0.480017
0.479951
0.479885
0.479818
0.479752
0.479686
0.47962
0.479554
0.479488
0.479421
0.479355
0.479289
0.479223
0.479157
0.479091
0.479025
0.478959
0.478893
0.478827
0.478761
0.478695
0.478629
0.478564
0.478498
0.478432
0.478366
0.4783
0.478235
0.478169
0.478103
0.478037
0.477972
0.477906
0.47784
0.477775
0.477709
0.477644
0.477578
0.477513
0.477447
0.477382
0.477316
0.477251
0.477185
0.47712
0.477055
0.476989
0.476924
0.476859
0.476793
0.476728
0.476663
0.476597
0.476532
0.476467
0.476402
0.476337
0.476272
0.476207
0.476141
0.476076
0.476011
0.475946
0.475881
0.475816
0.475751
0.475687
0.475622
0.475557
0.475492
0.475427
0.475362
0.475297
0.475233
0.475168
0.475103
0.475038
0.474974
0.474909
0.474844
0.47478
0.474715
0.474651
0.474586
0.474521
0.474457
0.474392
0.474328
0.474264
0.474199
0.474135
0.47407
0.474006
0.473942
0.473877
0.473813
0.473749
0.473684
0.47362
0.473556
0.473492
0.473428
0.473363
0.473299
0.473235
0.473171
0.473107
0.473043
0.472979
0.472915
0.472851
0.472787
0.472723
0.472659
0.472595
0.472531
0.472468
0.472404
0.47234
0.472276
0.472212
0.472149
0.472085
0.472021
0.471958
0.471894
0.47183
0.471767
0.471703
0.47164
0.471576
0.471512
0.471449
0.471386
0.471322
0.471259
0.471195
0.471132
0.471068
0.471005
0.470942
0.470878
0.470815
0.470752
0.470689
0.470626
0.470562
0.470499
0.470436
0.470373
0.47031
0.470247
0.470184
0.470121
0.470058
0.469995
0.469932
0.469869
0.469806
0.469743
0.46968
0.469617
0.469554
0.469492
0.469429
0.469366
0.469303
0.469241
0.469178
0.469115
0.469052
0.46899
0.468927
0.468865
0.468802
0.46874
0.468677
0.468615
0.468552
0.46849
0.468427
0.468365
0.468302
0.46824
0.468178
0.468115
0.468053
0.467991
0.467929
0.467866
0.467804
0.467742
0.46768
0.467618
0.467555
0.467493
0.467431
0.467369
0.467307
0.467245
0.467183
0.467121
0.467059
0.466997
0.466936
0.466874
0.466812
0.46675
0.466688
0.466626
0.466565
0.466503
0.466441
0.46638
0.466318
0.466256
0.466195
0.466133
0.466071
0.46601
0.465948
0.465887
0.465825
0.465764
0.465703
0.465641
0.46558
0.465518
0.465457
0.465396
0.465334
0.465273
0.465212
0.465151
0.465089
0.465028
0.464967
0.464906
0.464845
0.464784
0.464723
0.464662
0.464601
0.46454
0.464479
0.464418
0.464357
0.464296
0.464235
0.464174
0.464113
0.464052
0.463992
0.463931
0.46387
0.463809
0.463749
0.463688
0.463627
0.463567
0.463506
0.463446
0.463385
0.463324
0.463264
0.463203
0.463143
0.463082
0.463022
0.462962
0.462901
0.462841
0.462781
0.46272
0.46266
0.4626
0.46254
0.462479
0.462419
0.462359
0.462299
0.462239
0.462179
0.462119
0.462058
0.461998
0.461938
0.461878
0.461818
0.461759
0.461699
0.461639
0.461579
0.461519
0.461459
0.461399
0.46134
0.46128
0.46122
0.461161
0.461101
0.461041
0.460982
0.460922
0.460862
0.460803
0.460743
0.460684
0.460624
0.460565
0.460505
0.460446
0.460387
0.460327
0.460268
0.460209
0.460149
0.46009
0.460031
0.459971
0.459912
0.459853
0.459794
0.459735
0.459676
0.459617
0.459558
0.459499
0.459439
0.45938
0.459322
0.459263
0.459204
0.459145
0.459086
0.459027
0.458968
0.458909
0.458851
0.458792
0.458733
0.458674
0.458616
0.458557
0.458499
0.45844
0.458381
0.458323
0.458264
0.458206
0.458147
0.458089
0.45803
0.457972
0.457913
0.457855
0.457797
0.457738
0.45768
0.457622
0.457564
0.457505
0.457447
0.457389
0.457331
0.457273
0.457215
0.457157
0.457099
0.45704
0.456982
0.456924
0.456867
0.456809
0.456751
0.456693
0.456635
0.456577
0.456519
0.456461
0.456404
0.456346
0.456288
0.456231
0.456173
0.456115
0.456058
0.456
0.455942
0.455885
0.455827
0.45577
0.455712
0.455655
0.455598
0.45554
0.455483
0.455425
0.455368
0.455311
0.455254
0.455196
0.455139
0.455082
0.455025
0.454967
0.45491
0.454853
0.454796
0.454739
0.454682
0.454625
0.454568
0.454511
0.454454
0.454397
0.45434
0.454283
0.454227
0.45417
0.454113
0.454056
0.454
0.453943
0.453886
0.453829
0.453773
0.453716
0.45366
0.453603
0.453547
0.45349
0.453434
0.453377
0.453321
0.453264
0.453208
0.453151
0.453095
0.453039
0.452982
0.452926
0.45287
0.452814
0.452758
0.452701
0.452645
0.452589
0.452533
0.452477
0.452421
0.452365
0.452309
0.452253
0.452197
0.452141
0.452085
0.452029
0.451973
0.451918
0.451862
0.451806
0.45175
0.451695
0.451639
0.451583
0.451528
0.451472
0.451416
0.451361
0.451305
0.45125
0.451194
0.451139
0.451083
0.451028
0.450972
0.450917
0.450862
0.450806
0.450751
0.450696
0.450641
0.450585
0.45053
0.450475
0.45042
0.450365
0.45031
0.450255
0.4502
0.450144
0.450089
0.450035
0.44998
0.449925
0.44987
0.449815
0.44976
0.449705
0.44965
0.449596
0.449541
0.449486
0.449432
0.449377
0.449322
0.449268
0.449213
0.449158
0.449104
0.449049
0.448995
0.44894
0.448886
0.448832
0.448777
0.448723
0.448669
0.448614
0.44856
0.448506
0.448451
0.448397
0.448343
0.448289
0.448235
0.448181
0.448127
0.448073
0.448019
0.447965
0.447911
0.447857
0.447803
0.447749
0.447695
0.447641
0.447587
0.447533
0.44748
0.447426
0.447372
0.447319
0.447265
0.447211
0.447158
0.447104
0.44705
0.446997
0.446943
0.44689
0.446836
0.446783
0.44673
0.446676
0.446623
0.44657
0.446516
0.446463
0.44641
0.446356
0.446303
0.44625
0.446197
0.446144
0.446091
0.446038
0.445985
0.445932
0.445879
0.445826
0.445773
0.44572
0.445667
0.445614
0.445561
0.445508
0.445456
0.445403
0.44535
0.445297
0.445245
0.445192
0.445139
0.445087
0.445034
0.444982
0.444929
0.444877
0.444824
0.444772
0.444719
0.444667
0.444615
0.444562
0.44451
0.444458
0.444405
0.444353
0.444301
0.444249
0.444197
0.444144
0.444092
0.44404
0.443988
0.443936
0.443884
0.443832
0.44378
0.443728
0.443676
0.443625
0.443573
0.443521
0.443469
0.443417
0.443366
0.443314
0.443262
0.443211
0.443159
0.443107
0.443056
0.443004
0.442953
0.442901
0.44285
0.442798
0.442747
0.442695
0.442644
0.442593
0.442541
0.44249
0.442439
0.442388
0.442336
0.442285
0.442234
0.442183
0.442132
0.442081
0.44203
0.441979
0.441928
0.441877
0.441826
0.441775
0.441724
0.441673
0.441622
0.441572
0.441521
0.44147
0.441419
0.441369
0.441318
0.441267
0.441217
0.441166
0.441116
0.441065
0.441015
0.440964
0.440914
0.440863
0.440813
0.440762
0.440712
0.440662
0.440611
0.440561
0.440511
0.440461
0.440411
0.44036
0.44031
0.44026
0.44021
0.44016
0.44011
0.44006
0.44001
0.43996
0.43991
0.43986
0.43981
0.439761
0.439711
0.439661
0.439611
0.439561
0.439512
0.439462
0.439412
0.439363
0.439313
0.439264
0.439214
0.439165
0.439115
0.439066
0.439016
0.438967
0.438918
0.438868
0.438819
0.43877
0.43872
0.438671
0.438622
0.438573
0.438524
0.438474
0.438425
0.438376
0.438327
0.438278
0.438229
0.43818
0.438131
0.438082
0.438033
0.437985
0.437936
0.437887
0.437838
0.437789
0.437741
0.437692
0.437643
0.437595
0.437546
0.437498
0.437449
0.437401
0.437352
0.437304
0.437255
0.437207
0.437158
0.43711
0.437062
0.437013
0.436965
0.436917
0.436869
0.43682
0.436772
0.436724
0.341887
0.436676
0.436383
0.43609
0.435797
0.435504
0.435211
0.434918
0.434625
0.434332
0.434039
0.433746
0.433453
0.433161
0.432868
0.432575
0.432283
0.43199
0.431698
0.431405
0.431113
0.43082
0.430528
0.430235
0.429943
0.429651
0.429359
0.429066
0.428774
0.428482
0.42819
0.427898
0.427606
0.427314
0.427022
0.42673
0.426439
0.426147
0.425855
0.425563
0.425272
0.42498
0.424688
0.424397
0.424105
0.423814
0.423523
0.423231
0.42294
0.422648
0.422357
0.422066
0.421775
0.421484
0.421193
0.420902
0.420611
0.42032
0.420029
0.419738
0.419447
0.419156
0.418865
0.418575
0.418284
0.417993
0.417703
0.417412
0.417122
0.416831
0.416541
0.416251
0.41596
0.41567
0.41538
0.41509
0.4148
0.414509
0.414219
0.413929
0.413639
0.413349
0.41306
0.41277
0.41248
0.41219
0.411901
0.411611
0.411321
0.411032
0.410742
0.410453
0.410163
0.409874
0.409585
0.409295
0.409006
0.408717
0.408428
0.408139
0.40785
0.407561
0.407272
0.406983
0.406694
0.406405
0.406116
0.405827
0.405539
0.40525
0.404961
0.404673
0.404384
0.404096
0.403808
0.403519
0.403231
0.402943
0.402654
0.402366
0.402078
0.40179
0.401502
0.401214
0.400926
0.400638
0.40035
0.400063
0.399775
0.399487
0.3992
0.398912
0.398625
0.398337
0.39805
0.397762
0.397475
0.397188
0.3969
0.396613
0.396326
0.396039
0.395752
0.395465
0.395178
0.394891
0.394604
0.394318
0.394031
0.393744
0.393458
0.393171
0.392884
0.392598
0.392312
0.392025
0.391739
0.391453
0.391166
0.39088
0.390594
0.390308
0.390022
0.389736
0.38945
0.389164
0.388879
0.388593
0.388307
0.388022
0.387736
0.387451
0.387165
0.38688
0.386594
0.386309
0.386024
0.385739
0.385453
0.385168
0.384883
0.384598
0.384313
0.384029
0.383744
0.383459
0.383174
0.38289
0.382605
0.382321
0.382036
0.381752
0.381467
0.381183
0.380899
0.380615
0.38033
0.380046
0.379762
0.379478
0.379194
0.378911
0.378627
0.378343
0.378059
0.377776
0.377492
0.377209
0.376925
0.376642
0.376359
0.376075
0.375792
0.375509
0.375226
0.374943
0.37466
0.374377
0.374094
0.373811
0.373529
0.373246
0.372963
0.372681
0.372398
0.372116
0.371834
0.371551
0.371269
0.370987
0.370705
0.370423
0.370141
0.369859
0.369577
0.369295
0.369013
0.368732
0.36845
0.368168
0.367887
0.367605
0.367324
0.367043
0.366761
0.36648
0.366199
0.365918
0.365637
0.365356
0.365075
0.364795
0.364514
0.364233
0.363953
0.363672
0.363392
0.363111
0.362831
0.362551
0.36227
0.36199
0.36171
0.36143
0.36115
0.36087
0.36059
0.360311
0.360031
0.359751
0.359472
0.359192
0.358913
0.358634
0.358354
0.358075
0.357796
0.357517
0.357238
0.356959
0.35668
0.356401
0.356123
0.355844
0.355565
0.355287
0.355008
0.35473
0.354452
0.354174
0.353895
0.353617
0.353339
0.353061
0.352783
0.352506
0.352228
0.35195
0.351673
0.351395
0.351118
0.35084
0.350563
0.350286
0.350009
0.349732
0.349455
0.349178
0.348901
0.348624
0.348347
0.348071
0.347794
0.347518
0.347241
0.346965
0.346688
0.346412
0.346136
0.34586
0.345584
0.345308
0.345032
